0 0.338320 0.589533 0.577109 0.820935
0 0.627148 0.482395 0.106703 0.465164
0 0.197961 0.354381 0.133891 0.377921
43 0.593008 0.791040 0.109859 0.026706
55 0.709141 0.637792 0.140625 0.331098
0 0.046586 0.586519 0.093172 0.804486
27 0.118094 0.292009 0.034063 0.170374
27 0.513141 0.375362 0.011781 0.135958
60 0.660469 0.730853 0.477469 0.513528
55 0.643062 0.956963 0.032719 0.061589
55 0.649297 0.631449 0.025562 0.045888
55 0.549945 0.975888 0.032391 0.031916
55 0.608961 0.988306 0.032922 0.022593
55 0.642031 0.843879 0.153250 0.128692
55 0.618922 0.963727 0.025438 0.042220
55 0.557555 0.920853 0.039734 0.039603
55 0.612586 0.934813 0.033328 0.046869
55 0.556648 0.946098 0.034047 0.033738
0 0.554289 0.353668 0.062734 0.283084
