2 0.896563 0.424247 0.206500 0.633106
3 0.393820 0.617976 0.564297 0.746635
3 0.637953 0.493259 0.150719 0.339318
3 0.152914 0.530788 0.093984 0.235882
0 0.408141 0.528094 0.392469 0.826965
0 0.661188 0.243929 0.059531 0.133647
0 0.739422 0.369094 0.088031 0.359553
0 0.753859 0.178224 0.031281 0.055506
0 0.212039 0.448188 0.084297 0.396376
0 0.555969 0.260294 0.070438 0.103506
0 0.726453 0.204059 0.036750 0.121341
0 0.626617 0.264000 0.077266 0.091953
3 0.759750 0.577824 0.099781 0.155176
0 0.777570 0.244106 0.037016 0.069153
0 0.065133 0.178824 0.041672 0.115059
