56 0.134290 0.846853 0.194260 0.286027
56 0.795300 0.765320 0.134240 0.326640
56 0.920300 0.849213 0.159400 0.270693
56 0.527390 0.578253 0.167260 0.206373
39 0.071050 0.731827 0.049820 0.059280
39 0.049300 0.448627 0.014720 0.028507
39 0.027280 0.452000 0.017160 0.082400
39 0.015090 0.432787 0.010700 0.065093
39 0.023980 0.812867 0.047960 0.063280
40 0.083190 0.644280 0.031780 0.139173
40 0.052880 0.638067 0.027000 0.082960
40 0.031680 0.640827 0.022840 0.074667
40 0.068740 0.619560 0.018120 0.062747
56 0.222380 0.749667 0.119800 0.317627
60 0.498390 0.774293 0.680580 0.451413
