57 0.063281 0.692929 0.126562 0.558894
56 0.718797 0.768129 0.243656 0.463741
56 0.973031 0.520224 0.053938 0.264494
60 0.551648 0.696447 0.424359 0.253365
0 0.348570 0.481365 0.243703 0.522306
0 0.225133 0.606941 0.201141 0.528471
0 0.657398 0.438353 0.173609 0.399388
40 0.474047 0.426835 0.087688 0.166235
45 0.476180 0.629871 0.045828 0.054800
0 0.591617 0.302318 0.054641 0.179318
60 0.476547 0.418024 0.233125 0.156706
13 0.138859 0.647588 0.275969 0.698706
57 0.396703 0.349224 0.391094 0.182776
