58 0.150344 0.216219 0.060813 0.148646
56 0.474836 0.482875 0.122859 0.250875
56 0.500922 0.629542 0.111625 0.312042
60 0.724414 0.662354 0.495891 0.421167
39 0.779258 0.205062 0.036391 0.137958
39 0.165266 0.693156 0.075781 0.178896
45 0.087414 0.757167 0.109391 0.060542
68 0.126539 0.364115 0.110766 0.159438
62 0.931164 0.141531 0.137672 0.233354
69 0.038680 0.245396 0.073984 0.320625
69 0.036156 0.567260 0.068937 0.336313
75 0.145414 0.253250 0.053234 0.078750
56 0.538773 0.354375 0.022891 0.050208
