58 0.034852 0.493509 0.069078 0.418099
58 0.147148 0.565340 0.037766 0.068474
62 0.388219 0.352312 0.096719 0.118991
57 0.703930 0.597488 0.256234 0.270282
57 0.658031 0.515235 0.232406 0.110469
73 0.154586 0.303251 0.056516 0.076596
56 0.818281 0.731256 0.174781 0.329178
56 0.091188 0.560563 0.171625 0.259812
56 0.917609 0.697512 0.146469 0.293427
73 0.145859 0.413333 0.006250 0.057418
73 0.217703 0.434836 0.019469 0.021174
73 0.492203 0.422735 0.004562 0.022840
75 0.204930 0.317054 0.019891 0.051291
73 0.158344 0.418897 0.009844 0.060892
73 0.506437 0.352547 0.003719 0.030117
73 0.501281 0.277676 0.005625 0.032254
56 0.301281 0.584859 0.124875 0.280469
57 0.389539 0.643638 0.265109 0.453850
