62 0.437836 0.306273 0.140953 0.183855
15 0.810070 0.621893 0.057891 0.048879
57 0.217883 0.821507 0.430016 0.331192
74 0.522430 0.234428 0.028484 0.048808
73 0.899414 0.413376 0.027203 0.042453
73 0.953320 0.430841 0.006953 0.033972
73 0.928648 0.423189 0.003578 0.033715
41 0.728430 0.652850 0.026266 0.061636
42 0.757977 0.680900 0.021953 0.025818
56 0.779578 0.505537 0.058469 0.145140
73 0.924188 0.420386 0.006531 0.036612
73 0.918234 0.418026 0.009250 0.038855
73 0.892891 0.510514 0.031406 0.052991
73 0.902391 0.449439 0.016906 0.012056
73 0.921336 0.473902 0.007891 0.031729
73 0.934203 0.425105 0.003500 0.032266
73 0.951813 0.424159 0.009219 0.045000
