14 0.526695 0.629885 0.029141 0.024063
14 0.807750 0.619938 0.040594 0.028292
19 0.828211 0.515906 0.127703 0.112062
19 0.688320 0.514573 0.073672 0.114354
19 0.725258 0.436677 0.111609 0.085021
19 0.558859 0.517479 0.096781 0.121750
19 0.464938 0.515948 0.054187 0.122896
19 0.281219 0.500292 0.139500 0.111000
19 0.221289 0.445802 0.064422 0.070771
19 0.093898 0.468917 0.110141 0.082292
19 0.392984 0.464750 0.092063 0.080500
19 0.442773 0.432125 0.073016 0.057125
19 0.602531 0.518177 0.085250 0.121312
19 0.208516 0.433188 0.071125 0.053875
14 0.527969 0.619490 0.032031 0.021354
14 0.505102 0.632854 0.015141 0.012792
