2 0.355797 0.246138 0.064812 0.076972
24 0.709750 0.291268 0.044250 0.123239
26 0.473742 0.284965 0.026484 0.088850
26 0.043391 0.452817 0.057594 0.140751
26 0.311734 0.372512 0.023531 0.031315
2 0.555336 0.238216 0.029141 0.040845
2 0.680023 0.231972 0.029953 0.066854
2 0.487125 0.229683 0.038969 0.037160
0 0.039383 0.485998 0.078766 0.491009
0 0.128883 0.317641 0.198141 0.511291
2 0.359406 0.227559 0.061125 0.050892
47 0.570211 0.862453 0.146797 0.139319
47 0.784430 0.882254 0.283359 0.235493
47 0.900570 0.785340 0.031203 0.046502
47 0.684781 0.715317 0.155938 0.134859
47 0.524305 0.742418 0.028641 0.053803
47 0.942250 0.940317 0.115500 0.094577
47 0.056094 0.896256 0.112187 0.175282
49 0.346883 0.479143 0.094516 0.023545
49 0.447930 0.418533 0.015391 0.019413
49 0.300500 0.543908 0.092781 0.051620
49 0.341461 0.514190 0.019797 0.017582
49 0.355695 0.504378 0.047047 0.038239
0 0.223680 0.304789 0.064328 0.356056
0 0.437477 0.287817 0.071047 0.197183
0 0.503562 0.307570 0.055125 0.167300
0 0.768633 0.330153 0.069922 0.326080
0 0.856266 0.397981 0.080250 0.431549
0 0.921719 0.257864 0.052562 0.147934
26 0.293250 0.305634 0.024219 0.094038
49 0.443461 0.428908 0.009016 0.005892
49 0.428625 0.413134 0.006469 0.013169
49 0.440594 0.414026 0.010125 0.021197
49 0.442508 0.404014 0.071641 0.056620
49 0.470727 0.410951 0.008297 0.012465
49 0.321461 0.510012 0.017203 0.021056
0 0.885219 0.196174 0.081063 0.121784
26 0.034773 0.512559 0.068922 0.083662
49 0.493133 0.411092 0.078172 0.055892
