56 0.932141 0.444797 0.135717 0.167187
56 0.017131 0.426039 0.034262 0.141328
0 0.509826 0.501016 0.632275 0.913844
0 0.043904 0.299211 0.087111 0.115234
0 0.135072 0.312953 0.108955 0.148625
0 0.670676 0.276453 0.064262 0.078781
0 0.604303 0.275555 0.047992 0.090078
2 0.865266 0.238203 0.103402 0.018094
38 0.260881 0.322445 0.113607 0.218172
56 0.170102 0.397477 0.116434 0.134234
0 0.637449 0.194242 0.044693 0.108422
0 0.088064 0.231086 0.043750 0.035172
0 0.120912 0.231008 0.027684 0.030516
13 0.846475 0.298227 0.149098 0.010828
13 0.877264 0.320688 0.169980 0.013375
0 0.971557 0.369789 0.054672 0.130141
