56 0.919836 0.897014 0.160328 0.205972
56 0.785680 0.888700 0.144547 0.202927
60 0.172063 0.907658 0.335094 0.164403
60 0.835109 0.782026 0.275875 0.152810
8 0.765437 0.474239 0.157281 0.260937
43 0.178797 0.853724 0.025500 0.032787
43 0.197555 0.906827 0.020234 0.050328
56 0.178234 0.764871 0.104438 0.076206
56 0.025172 0.803888 0.050344 0.112693
56 0.262344 0.688770 0.022000 0.141241
56 0.318078 0.707459 0.026875 0.143208
56 0.287594 0.694543 0.043750 0.150351
58 0.092281 0.509649 0.075625 0.136581
60 0.296602 0.648103 0.065859 0.038970
56 0.513820 0.868841 0.077984 0.111686
56 0.137164 0.716932 0.088047 0.033817
