1 0.890812 0.207094 0.135224 0.117625
0 0.746788 0.509844 0.360965 0.295906
0 0.751800 0.242586 0.177435 0.350922
0 0.481694 0.124391 0.124471 0.170031
0 0.157282 0.108133 0.090376 0.122078
0 0.709600 0.104570 0.073176 0.146203
0 0.410176 0.108031 0.062988 0.101656
46 0.467565 0.745703 0.154329 0.100531
46 0.707859 0.783828 0.160941 0.123031
46 0.515400 0.895570 0.131694 0.088391
46 0.699835 0.675844 0.102212 0.096969
46 0.397576 0.851781 0.228988 0.187062
46 0.294035 0.765422 0.140212 0.106156
46 0.496153 0.526648 0.062565 0.034422
46 0.785141 0.750469 0.186047 0.128812
46 0.938812 0.808250 0.121247 0.078250
