58 0.127220 0.670781 0.176600 0.658438
56 0.569320 0.848393 0.362360 0.286036
57 0.108390 0.922042 0.211060 0.134895
73 0.159170 0.525435 0.012700 0.084324
73 0.180070 0.271246 0.149500 0.108619
73 0.199180 0.522327 0.012680 0.091081
45 0.537100 0.482372 0.037200 0.043964
58 0.922160 0.582973 0.155680 0.335976
73 0.777470 0.415315 0.017340 0.076997
73 0.182820 0.521066 0.008160 0.089279
73 0.788110 0.196081 0.007620 0.070541
73 0.258140 0.396562 0.013040 0.085435
73 0.202810 0.400450 0.191020 0.095616
