2 0.950695 0.227177 0.043172 0.042063
0 0.428992 0.293125 0.059766 0.076750
0 0.304211 0.585396 0.281453 0.721333
0 0.047039 0.478948 0.094078 0.417396
0 0.372555 0.285552 0.032297 0.093604
0 0.691820 0.256927 0.033078 0.097063
0 0.883352 0.242469 0.018953 0.074854
0 0.856992 0.231813 0.014016 0.076042
28 0.766547 0.378521 0.054406 0.043375
28 0.738844 0.294292 0.051719 0.055417
28 0.624930 0.611302 0.069516 0.165063
28 0.390789 0.575042 0.133141 0.145458
0 0.276758 0.282990 0.027672 0.060021
26 0.062070 0.388063 0.121172 0.121500
