0 0.410273 0.099110 0.133328 0.142623
46 0.042227 0.646651 0.084453 0.050585
46 0.406102 0.456581 0.109297 0.164731
46 0.166266 0.650070 0.125438 0.111803
46 0.472562 0.383337 0.123594 0.068314
46 0.345578 0.476581 0.072938 0.120937
46 0.367883 0.632014 0.095391 0.142951
46 0.435281 0.442201 0.064656 0.096909
56 0.055477 0.267412 0.110953 0.377541
56 0.380070 0.205621 0.088453 0.123607
56 0.630906 0.225714 0.069437 0.104590
56 0.493656 0.137529 0.060719 0.082600
56 0.233383 0.105059 0.069328 0.087775
56 0.456953 0.186101 0.074531 0.085878
46 0.095883 0.525351 0.140578 0.118525
60 0.799828 0.303384 0.061437 0.113513
60 0.957117 0.698689 0.085516 0.401639
60 0.480680 0.247447 0.138234 0.074801
60 0.720766 0.288279 0.115375 0.205176
