0 0.603703 0.375823 0.232063 0.410312
63 0.647867 0.573250 0.267891 0.231583
63 0.235102 0.512740 0.201891 0.145771
64 0.783117 0.768677 0.128453 0.058813
66 0.817422 0.869667 0.202250 0.229208
0 0.920000 0.178698 0.078281 0.157646
0 0.083430 0.299938 0.160109 0.202250
0 0.908594 0.922146 0.182812 0.135583
0 0.601547 0.153052 0.055656 0.060021
41 0.085570 0.599948 0.068797 0.131396
66 0.683188 0.628979 0.106656 0.078333
66 0.025281 0.611240 0.047188 0.058438
41 0.441539 0.934500 0.099797 0.131000
41 0.594727 0.671885 0.076172 0.169271
66 0.312078 0.544042 0.031906 0.029875
0 0.776820 0.303021 0.122453 0.319583
