5 0.875219 0.456929 0.249219 0.312353
5 0.983102 0.504965 0.033797 0.240235
0 0.171070 0.571600 0.032547 0.159812
0 0.063531 0.537141 0.044375 0.079647
0 0.122836 0.577929 0.036859 0.180047
0 0.085625 0.532271 0.028063 0.084071
0 0.018070 0.537094 0.036141 0.081624
0 0.154781 0.530294 0.013813 0.066753
0 0.750375 0.519471 0.034219 0.064306
9 0.121547 0.346929 0.043625 0.151224
9 0.893125 0.094376 0.070125 0.170776
9 0.172484 0.369047 0.032531 0.114000
12 0.935117 0.685965 0.068547 0.171129
9 0.475648 0.507965 0.009828 0.022565
