5 0.500195 0.667173 0.150453 0.324486
0 0.630820 0.741495 0.023422 0.067944
0 0.901953 0.733435 0.016094 0.031589
0 0.404406 0.740280 0.024125 0.065561
0 0.599695 0.735327 0.013359 0.062804
9 0.666055 0.642442 0.006984 0.023435
9 0.677523 0.696682 0.008984 0.017056
26 0.480258 0.822360 0.015516 0.051355
0 0.740273 0.865981 0.090578 0.251215
0 0.775820 0.830374 0.051984 0.246822
0 0.844273 0.824673 0.067203 0.209439
2 0.973633 0.810584 0.052734 0.181168
2 0.849781 0.789568 0.090719 0.108528
2 0.255195 0.757161 0.052828 0.130397
2 0.295094 0.746612 0.043906 0.112243
2 0.381633 0.738049 0.039016 0.041659
2 0.806297 0.770093 0.064500 0.102103
2 0.692906 0.748621 0.046656 0.071916
24 0.784766 0.794322 0.028969 0.067383
24 0.478977 0.825152 0.014953 0.049229
0 0.490180 0.874743 0.056922 0.172804
0 0.960086 0.731285 0.015391 0.031822
9 0.690742 0.669264 0.006141 0.021939
