41 0.326413 0.492721 0.114232 0.111716
41 0.668292 0.288807 0.204101 0.255425
42 0.206168 0.772206 0.038546 0.298007
43 0.666797 0.745874 0.043497 0.274918
45 0.877402 0.293578 0.239869 0.419771
75 0.331462 0.328088 0.051683 0.040458
40 0.890654 0.037247 0.102582 0.074493
41 0.101348 0.445948 0.202696 0.229739
41 0.743766 0.032884 0.098088 0.065768
60 0.500000 0.500000 1.000000 1.000000
75 0.478358 0.194935 0.126422 0.295490
44 0.962484 0.352484 0.041340 0.042320
44 0.813497 0.325596 0.240686 0.124853
