2 0.897234 0.795434 0.202000 0.406643
9 0.874961 0.272653 0.019953 0.075305
0 0.979383 0.450000 0.041234 0.135117
0 0.919453 0.424437 0.019031 0.052488
0 0.854211 0.440646 0.022953 0.084296
0 0.931117 0.439366 0.013078 0.101127
0 0.987594 0.404777 0.011656 0.038709
0 0.891758 0.403556 0.005859 0.035282
5 0.071188 0.404096 0.142375 0.135000
9 0.870188 0.341115 0.020531 0.030164
0 0.878109 0.445610 0.023875 0.106526
0 0.967117 0.436631 0.019453 0.121948
2 0.949000 0.415704 0.023000 0.075164
42 0.747414 0.215399 0.011484 0.050329
42 0.348211 0.348568 0.014453 0.183052
