56 0.960165 0.701516 0.079670 0.202094
60 0.587825 0.587016 0.334082 0.066625
60 0.591062 0.485867 0.214165 0.114359
40 0.541732 0.815914 0.200082 0.363078
40 0.624907 0.774742 0.164495 0.313859
40 0.525608 0.571422 0.105402 0.131094
40 0.090124 0.527930 0.067258 0.124078
40 0.523258 0.484500 0.065814 0.042969
40 0.563546 0.487445 0.032495 0.045078
60 0.574773 0.387672 0.060144 0.005375
60 0.577825 0.393578 0.072928 0.012125
60 0.624000 0.690500 0.479216 0.143406
60 0.610505 0.822945 0.778990 0.334984
