0 0.962680 0.754261 0.031297 0.057394
0 0.912109 0.732864 0.016344 0.047042
0 0.544406 0.875305 0.031281 0.077840
0 0.642844 0.874566 0.019062 0.103685
0 0.762461 0.500094 0.007016 0.016901
8 0.669898 0.452840 0.021922 0.011690
8 0.613641 0.462711 0.069562 0.024343
8 0.508992 0.415516 0.090109 0.117089
8 0.649352 0.428967 0.033734 0.030845
37 0.023492 0.819284 0.022078 0.025423
0 0.335539 0.449613 0.003891 0.007864
8 0.524844 0.490352 0.041313 0.037371
8 0.057477 0.421772 0.114953 0.165376
8 0.596328 0.471784 0.019125 0.012723
37 0.969070 0.779988 0.038203 0.010446
