25 0.547891 0.214234 0.273938 0.168553
0 0.317398 0.519809 0.298984 0.600170
0 0.371930 0.363266 0.148703 0.275851
0 0.621422 0.487596 0.368781 0.610468
0 0.634641 0.057138 0.057031 0.114277
0 0.637836 0.416851 0.209578 0.478638
0 0.886430 0.250000 0.214266 0.498809
0 0.193078 0.170787 0.171625 0.341574
13 0.767789 0.377787 0.144016 0.059532
13 0.711945 0.231553 0.136672 0.058255
13 0.709656 0.186106 0.170563 0.052213
13 0.859797 0.589883 0.273938 0.137085
13 0.667125 0.124660 0.303719 0.037021
27 0.269563 0.371851 0.027437 0.064936
0 0.104813 0.065489 0.057281 0.130468
13 0.747727 0.085713 0.499766 0.046745
13 0.968594 0.181872 0.062813 0.024000
