25 0.401258 0.358647 0.072047 0.133161
25 0.349680 0.317280 0.053766 0.037356
60 0.773984 0.464483 0.082406 0.023982
60 0.406891 0.425258 0.053469 0.011368
60 0.447117 0.431657 0.046547 0.010608
25 0.302125 0.357918 0.069844 0.110182
25 0.261148 0.359650 0.044609 0.104833
25 0.438758 0.357736 0.061359 0.146535
25 0.497273 0.349772 0.069922 0.163313
25 0.772180 0.271915 0.128797 0.066809
25 0.910156 0.342492 0.153469 0.242310
25 0.670828 0.313207 0.083437 0.017295
25 0.202547 0.364225 0.033344 0.094225
56 0.878766 0.526033 0.060437 0.088541
56 0.737938 0.459119 0.029031 0.034468
56 0.664617 0.483602 0.017859 0.055532
56 0.685469 0.484802 0.025000 0.110699
56 0.971383 0.514574 0.021047 0.128784
56 0.796523 0.500957 0.027484 0.108116
56 0.623430 0.482568 0.028047 0.101064
56 0.597445 0.487158 0.029391 0.077903
56 0.536070 0.466216 0.027141 0.099179
60 0.583266 0.440152 0.070563 0.006565
13 0.519078 0.454271 0.045531 0.012310
13 0.817016 0.474529 0.082656 0.019453
25 0.572313 0.319574 0.077750 0.025836
