24 0.698720 0.637530 0.032520 0.077874
0 0.680370 0.626976 0.043540 0.195509
0 0.809390 0.655778 0.074020 0.101677
0 0.841880 0.631527 0.086880 0.127725
0 0.431700 0.691856 0.017960 0.045749
0 0.519450 0.686542 0.006940 0.015539
0 0.955160 0.672635 0.029200 0.079222
0 0.567270 0.666048 0.022220 0.061257
0 0.628010 0.649431 0.014260 0.044970
0 0.054910 0.735524 0.012500 0.035359
0 0.224650 0.605404 0.011780 0.035659
8 0.204050 0.694805 0.037620 0.059970
37 0.493130 0.713728 0.209860 0.045778
33 0.313420 0.636662 0.010880 0.028952
25 0.768020 0.649027 0.033120 0.019072
