38 0.258347 0.118250 0.231218 0.210531
0 0.139509 0.208836 0.054810 0.113453
0 0.150063 0.227422 0.040823 0.078625
0 0.091147 0.337797 0.079066 0.105187
0 0.509747 0.435305 0.076266 0.123234
0 0.416013 0.382000 0.068734 0.091000
0 0.398877 0.351352 0.063956 0.099641
0 0.366179 0.263523 0.064984 0.087984
0 0.430206 0.541289 0.082405 0.093141
0 0.447255 0.447187 0.066503 0.132906
56 0.176788 0.502875 0.073228 0.039563
56 0.256353 0.555375 0.067991 0.047469
56 0.197532 0.554008 0.044177 0.038203
56 0.148608 0.369742 0.043449 0.044578
56 0.137136 0.323297 0.042057 0.033344
56 0.536646 0.557031 0.048354 0.047750
56 0.096574 0.518117 0.020839 0.010672
0 0.167611 0.429992 0.080253 0.077891
