3 0.196805 0.624075 0.354734 0.285293
5 0.531414 0.265445 0.165547 0.259415
0 0.678859 0.199567 0.010656 0.051920
0 0.098352 0.306007 0.023953 0.058618
2 0.039344 0.468981 0.078687 0.242365
2 0.111227 0.413724 0.127609 0.172131
5 0.713602 0.168396 0.066859 0.131686
7 0.821477 0.266089 0.115297 0.113396
7 0.769805 0.217424 0.100047 0.075644
0 0.974773 0.416323 0.050453 0.171850
2 0.289375 0.330960 0.089719 0.117564
2 0.690789 0.308946 0.092641 0.114895
2 0.271133 0.356522 0.076422 0.135527
2 0.659336 0.226206 0.051391 0.062155
3 0.180648 0.421522 0.053641 0.121171
3 0.706453 0.059684 0.006219 0.009016
0 0.205391 0.515679 0.141063 0.407002
