0 0.130870 0.520547 0.171140 0.445200
24 0.352350 0.627827 0.316580 0.401467
28 0.097760 0.719093 0.175280 0.534827
0 0.213560 0.368160 0.044640 0.093547
28 0.608110 0.728600 0.266900 0.522533
58 0.242420 0.457987 0.082360 0.142213
24 0.780520 0.731173 0.438960 0.537653
24 0.582970 0.466773 0.145300 0.158880
56 0.173370 0.772907 0.084380 0.082187
60 0.047200 0.520320 0.045640 0.026347
60 0.058440 0.622080 0.116880 0.329867
28 0.475690 0.536187 0.183140 0.238560
0 0.373200 0.366533 0.042520 0.155893
