1 0.646711 0.921511 0.149359 0.156979
0 0.485766 0.817213 0.016969 0.061452
0 0.394344 0.816593 0.011500 0.062787
0 0.647664 0.859567 0.065453 0.240164
0 0.709422 0.801311 0.015875 0.028478
0 0.293758 0.816546 0.013641 0.035340
74 0.078734 0.291136 0.014500 0.056792
7 0.937125 0.780304 0.125312 0.130960
7 0.864703 0.791850 0.059250 0.088806
9 0.253383 0.713630 0.013859 0.073255
0 0.205289 0.820855 0.013703 0.081101
0 0.147305 0.826382 0.026422 0.077916
5 0.050578 0.787482 0.049844 0.073888
9 0.500805 0.750386 0.007766 0.020960
0 0.402148 0.815738 0.012047 0.060609
3 0.779773 0.823185 0.026703 0.042201
0 0.694359 0.815550 0.009219 0.045527
24 0.487078 0.809684 0.011312 0.026815
3 0.355430 0.824368 0.024016 0.025035
