2 0.550250 0.508603 0.280656 0.152887
2 0.215172 0.531538 0.430344 0.239366
9 0.938117 0.368286 0.006734 0.022300
9 0.878461 0.395622 0.006047 0.007207
9 0.188625 0.195387 0.019813 0.048568
9 0.968313 0.423709 0.004188 0.007606
0 0.321078 0.317066 0.309875 0.575258
0 0.595039 0.501197 0.054266 0.320610
0 0.635062 0.511279 0.051562 0.303920
0 0.725297 0.508732 0.071469 0.310657
0 0.815203 0.511244 0.110688 0.433709
36 0.301398 0.693815 0.183984 0.339319
0 0.373437 0.474155 0.030469 0.071315
0 0.411633 0.472054 0.026297 0.094202
2 0.875945 0.460552 0.056703 0.063873
2 0.918430 0.474918 0.035641 0.053545
2 0.946234 0.471878 0.022094 0.030657
9 0.977477 0.428099 0.006922 0.017559
9 0.962070 0.434413 0.008797 0.011502
0 0.040625 0.508592 0.050375 0.317653
9 0.846836 0.363146 0.007547 0.012582
9 0.935219 0.394390 0.007437 0.022347
24 0.607945 0.453380 0.034516 0.052582
25 0.430836 0.371714 0.081828 0.046291
25 0.478883 0.373603 0.055453 0.047254
2 0.981305 0.475540 0.031484 0.042066
9 0.911219 0.430880 0.006750 0.010493
26 0.731016 0.459718 0.043188 0.130516
