39 0.612016 0.822097 0.011687 0.052581
39 0.457320 0.678364 0.007703 0.032028
39 0.314086 0.470426 0.006172 0.021037
74 0.747461 0.334459 0.278859 0.489885
60 0.545555 0.890876 0.191234 0.139539
0 0.310297 0.754482 0.061594 0.283018
0 0.620945 0.747477 0.071641 0.149654
45 0.203883 0.666094 0.040172 0.042558
60 0.762328 0.666947 0.058188 0.030023
60 0.452922 0.635265 0.038594 0.017581
60 0.748727 0.618422 0.055703 0.037304
60 0.683352 0.809965 0.094234 0.043341
60 0.590461 0.590806 0.034984 0.010276
60 0.602180 0.668548 0.081578 0.042120
60 0.319469 0.590737 0.013813 0.021244
75 0.553469 0.513387 0.012438 0.047604
0 0.673414 0.861624 0.084172 0.225691
45 0.498586 0.864585 0.037359 0.029171
56 0.686156 0.922373 0.074063 0.109217
56 0.609258 0.933203 0.078547 0.083871
56 0.790000 0.891290 0.056188 0.160691
56 0.973078 0.730841 0.021000 0.054217
56 0.578023 0.647062 0.030297 0.035599
56 0.604672 0.622051 0.029750 0.068571
0 0.544055 0.776866 0.102547 0.146774
56 0.369492 0.919378 0.089234 0.119217
60 0.155875 0.867535 0.044031 0.062350
72 0.268703 0.503180 0.039125 0.083917
0 0.568984 0.884735 0.100281 0.181682
0 0.850141 0.693687 0.048375 0.080691
56 0.427781 0.872903 0.039156 0.162028
0 0.383859 0.766555 0.064625 0.269332
60 0.506148 0.771279 0.055266 0.085138
