56 0.119590 0.296336 0.115957 0.029453
56 0.130441 0.212078 0.118997 0.027312
0 0.569559 0.465102 0.519726 0.677609
0 0.756185 0.358906 0.155532 0.110813
0 0.189650 0.330031 0.178815 0.095875
0 0.719574 0.074078 0.199818 0.116500
0 0.344909 0.078469 0.154073 0.155719
0 0.468328 0.051578 0.125532 0.091000
56 0.146337 0.272125 0.131824 0.029687
56 0.246945 0.184078 0.136322 0.029687
56 0.368663 0.185484 0.108754 0.033063
0 0.571733 0.045609 0.151611 0.089594
56 0.033997 0.212922 0.060942 0.028344
56 0.260410 0.241547 0.125502 0.031969
0 0.286657 0.326070 0.097933 0.111328
0 0.856018 0.320242 0.087112 0.076047
