39 0.186414 0.868125 0.026016 0.097083
39 0.901062 0.646812 0.023906 0.045167
57 0.265320 0.806458 0.527422 0.361292
0 0.675000 0.638031 0.259844 0.723938
63 0.470445 0.727479 0.059797 0.072292
63 0.182852 0.831219 0.149391 0.122646
65 0.308812 0.421094 0.041156 0.144396
65 0.243766 0.885302 0.052750 0.032604
65 0.122555 0.885156 0.039828 0.032063
73 0.516680 0.570458 0.024859 0.009708
65 0.382070 0.386146 0.015797 0.037292
73 0.502062 0.664333 0.006375 0.033958
73 0.507250 0.527833 0.063187 0.044458
73 0.445352 0.624385 0.039484 0.038146
73 0.469469 0.620687 0.004906 0.032917
73 0.490250 0.667677 0.008125 0.032896
73 0.476398 0.620844 0.011891 0.035229
73 0.528461 0.660208 0.020516 0.036458
