60 0.513664 0.665164 0.615797 0.647056
0 0.266594 0.668925 0.189781 0.558551
0 0.379453 0.366297 0.133750 0.238201
0 0.864430 0.520175 0.217422 0.215257
0 0.628289 0.411811 0.117391 0.272453
0 0.250219 0.381659 0.145781 0.224720
41 0.553516 0.764229 0.049250 0.112757
60 0.933773 0.444474 0.132453 0.083154
60 0.440930 0.333423 0.087828 0.031332
0 0.737023 0.358750 0.138672 0.176005
0 0.596875 0.331086 0.056000 0.100818
41 0.618523 0.951028 0.063422 0.097944
41 0.329766 0.870292 0.032156 0.119556
41 0.423258 0.667745 0.042703 0.057360
41 0.454297 0.545070 0.019187 0.047383
41 0.404078 0.615596 0.038406 0.099369
56 0.895789 0.386612 0.048766 0.085561
56 0.788430 0.375736 0.035297 0.109416
56 0.853445 0.392477 0.041078 0.084299
56 0.043883 0.409778 0.026922 0.137640
56 0.433859 0.377967 0.048500 0.157009
41 0.477742 0.570479 0.033266 0.053995
41 0.435344 0.492208 0.023438 0.035023
25 0.055227 0.326005 0.016797 0.156495
41 0.532086 0.472360 0.022141 0.032477
42 0.366805 0.592407 0.026953 0.028785
42 0.581609 0.515117 0.023250 0.022617
43 0.276141 0.966881 0.131000 0.045257
42 0.598063 0.685666 0.034500 0.037453
