2 0.864031 0.256792 0.194094 0.069042
0 0.244680 0.695073 0.344734 0.587438
0 0.169484 0.253167 0.065625 0.073917
0 0.122555 0.248562 0.041422 0.091000
13 0.276406 0.785396 0.542687 0.240458
2 0.378977 0.185042 0.170109 0.052208
2 0.243406 0.214479 0.228500 0.087542
0 0.023422 0.245948 0.046844 0.098604
0 0.742523 0.272708 0.048234 0.092542
0 0.765344 0.176448 0.017531 0.022812
13 0.068094 0.271031 0.083156 0.045854
13 0.704992 0.295229 0.157797 0.046458
13 0.874820 0.296604 0.164078 0.046458
0 0.036484 0.581719 0.072969 0.244896
0 0.964086 0.283760 0.071828 0.107188
13 0.224375 0.262667 0.067500 0.030625
