32 0.385250 0.379204 0.010875 0.016909
0 0.843062 0.556639 0.088844 0.266347
0 0.858617 0.405023 0.041578 0.088267
0 0.722492 0.389766 0.017703 0.075644
38 0.772172 0.516475 0.060625 0.051311
0 0.356922 0.378290 0.013875 0.056159
13 0.926656 0.290644 0.032063 0.017400
32 0.313938 0.351417 0.004250 0.006159
0 0.961898 0.319040 0.022391 0.057939
0 0.741719 0.255562 0.017500 0.029766
0 0.764398 0.239719 0.018297 0.036534
0 0.463539 0.162763 0.008453 0.025012
0 0.443109 0.165105 0.009750 0.029836
0 0.265594 0.163244 0.008281 0.027190
