6 0.255742 0.805736 0.508922 0.362806
0 0.600352 0.816764 0.116328 0.366472
0 0.680258 0.704236 0.060641 0.166917
0 0.530078 0.773875 0.037375 0.207972
24 0.429141 0.819097 0.039188 0.123583
24 0.576992 0.812181 0.069516 0.157083
0 0.959648 0.673681 0.080703 0.371194
0 0.773672 0.687417 0.050062 0.208667
28 0.703273 0.870667 0.083047 0.229167
28 0.401883 0.939403 0.051016 0.118361
28 0.646219 0.710681 0.014375 0.041583
0 0.841156 0.716931 0.106438 0.359361
0 0.626312 0.682764 0.032219 0.117861
0 0.605016 0.677972 0.030812 0.112000
28 0.763227 0.742208 0.037766 0.092472
28 0.486437 0.942653 0.023000 0.111194
28 0.709555 0.717139 0.028234 0.078056
0 0.733305 0.654500 0.046922 0.181278
