39 0.546711 0.641142 0.027766 0.077414
72 0.948852 0.656175 0.102297 0.391013
46 0.459852 0.669881 0.015984 0.024461
47 0.503680 0.668319 0.008859 0.014224
69 0.364195 0.702802 0.103578 0.201422
41 0.521914 0.660819 0.019172 0.026250
60 0.528797 0.778804 0.228063 0.293039
75 0.620789 0.391573 0.018734 0.023319
47 0.472703 0.669116 0.014438 0.023793
45 0.612133 0.578060 0.028641 0.018879
45 0.987875 0.458017 0.024250 0.011164
45 0.023625 0.430679 0.047250 0.039849
75 0.310414 0.395269 0.014109 0.015927
75 0.312477 0.332177 0.014797 0.019095
75 0.616781 0.334935 0.015688 0.012328
