0 0.148734 0.309930 0.259969 0.351897
0 0.482734 0.219953 0.095688 0.189836
55 0.251125 0.779040 0.365000 0.441920
55 0.671930 0.592131 0.108453 0.079766
55 0.701672 0.526581 0.089969 0.096628
55 0.528820 0.410703 0.050453 0.075597
0 0.974320 0.220023 0.051359 0.439672
55 0.683016 0.471464 0.061156 0.073560
0 0.425609 0.177377 0.016563 0.097143
2 0.591266 0.216733 0.163781 0.157354
54 0.673258 0.590913 0.112641 0.101311
54 0.799695 0.334122 0.048453 0.058080
55 0.506344 0.363326 0.038875 0.051944
55 0.052609 0.660761 0.103375 0.166487
55 0.619617 0.512752 0.089297 0.084426
