1 0.684836 0.544010 0.044922 0.053125
0 0.143180 0.752435 0.037672 0.187578
0 0.209125 0.653763 0.024000 0.152318
0 0.961922 0.815378 0.035469 0.226276
0 0.684664 0.525755 0.025984 0.082448
9 0.177297 0.065169 0.055281 0.130339
9 0.475109 0.207005 0.013437 0.063229
9 0.572766 0.220911 0.013156 0.016458
9 0.943398 0.530807 0.015234 0.085573
9 0.986992 0.607669 0.017922 0.113932
9 0.483750 0.253594 0.024000 0.072292
0 0.049156 0.691250 0.036187 0.133958
5 0.849437 0.742695 0.180688 0.316849
9 0.755055 0.070794 0.024266 0.083151
0 0.329961 0.639062 0.023891 0.120781
0 0.058617 0.727682 0.016484 0.113021
0 0.040492 0.761680 0.023453 0.151172
2 0.455078 0.682943 0.107031 0.136719
2 0.551023 0.595911 0.067391 0.083542
2 0.623227 0.416406 0.043859 0.067865
2 0.451492 0.615508 0.085297 0.037422
2 0.723008 0.352669 0.038797 0.051536
0 0.857820 0.566849 0.010984 0.038281
9 0.708148 0.137591 0.007453 0.011797
