58 0.562234 0.282156 0.119063 0.332104
56 0.860484 0.779802 0.279031 0.402146
56 0.590320 0.804729 0.545172 0.359125
1 0.755047 0.311917 0.285875 0.188333
74 0.086992 0.393573 0.074578 0.097229
41 0.598227 0.505823 0.041609 0.049271
73 0.947594 0.373302 0.013938 0.088521
73 0.940523 0.271687 0.030984 0.091000
73 0.974492 0.282010 0.014172 0.078313
41 0.697469 0.414323 0.025156 0.037021
41 0.744016 0.447260 0.025469 0.038854
73 0.960320 0.275479 0.010328 0.080625
73 0.929094 0.469521 0.009906 0.078333
41 0.533820 0.493219 0.041547 0.062187
