2 0.834305 0.880293 0.331391 0.218431
2 0.384422 0.699415 0.054344 0.075831
2 0.560258 0.703618 0.031203 0.058759
3 0.540492 0.884508 0.270766 0.230984
3 0.136891 0.880222 0.272469 0.239555
0 0.554867 0.830492 0.101703 0.298876
0 0.467367 0.835913 0.079609 0.303630
0 0.425437 0.699180 0.040656 0.082201
14 0.704484 0.087822 0.008063 0.011522
0 0.178336 0.660609 0.029391 0.068056
0 0.201563 0.664684 0.025438 0.059485
0 0.411781 0.708033 0.020000 0.098407
3 0.776563 0.897459 0.239125 0.106628
14 0.883516 0.106112 0.008031 0.008009
14 0.868203 0.253279 0.005594 0.009649
0 0.894258 0.778501 0.050141 0.108009
0 0.845266 0.795258 0.143875 0.295246
2 0.386297 0.654754 0.050938 0.038501
