56 0.673055 0.834965 0.256484 0.304028
56 0.886984 0.815925 0.218469 0.361171
56 0.964531 0.568583 0.062437 0.148407
56 0.567187 0.460152 0.029844 0.051452
44 0.347102 0.643595 0.016078 0.037400
0 0.457281 0.438197 0.134937 0.224731
0 0.293586 0.462237 0.159828 0.307845
40 0.346820 0.566511 0.024891 0.071991
40 0.367641 0.609052 0.025438 0.075761
41 0.396250 0.568080 0.022906 0.038126
44 0.807500 0.533185 0.014469 0.020749
56 0.400953 0.473372 0.023938 0.063794
0 0.893492 0.476124 0.089828 0.246862
39 0.620633 0.527553 0.030953 0.112482
0 0.863094 0.621370 0.151844 0.420539
