0 0.424280 0.434591 0.031320 0.171530
33 0.340580 0.733399 0.140720 0.240676
33 0.471270 0.698132 0.070500 0.177402
33 0.585850 0.781335 0.135740 0.194769
33 0.694150 0.722811 0.047540 0.221495
33 0.722910 0.522082 0.028700 0.080961
33 0.585000 0.508897 0.074920 0.105907
33 0.206950 0.730996 0.166220 0.096797
33 0.095220 0.759680 0.055560 0.115160
0 0.099650 0.464431 0.011180 0.046441
0 0.704380 0.506085 0.019000 0.045267
7 0.954020 0.435623 0.061720 0.092028
33 0.040270 0.735516 0.080540 0.137224
