41 0.088432 0.335758 0.092839 0.057703
75 0.451419 0.794961 0.140169 0.166297
75 0.845487 0.795164 0.115678 0.104359
75 0.638951 0.771984 0.116758 0.072281
41 0.744831 0.322180 0.088983 0.059828
41 0.167267 0.336109 0.023517 0.047250
75 0.712352 0.168688 0.090678 0.117656
41 0.869629 0.303805 0.135911 0.101391
41 0.631049 0.303523 0.156165 0.102453
75 0.616186 0.887734 0.197754 0.177094
75 0.858400 0.150688 0.170021 0.153344
75 0.284873 0.865891 0.196737 0.142844
75 0.818983 0.901156 0.160297 0.140813
45 0.594714 0.605773 0.242097 0.155641
45 0.405742 0.630750 0.171441 0.121375
