56 0.176977 0.530979 0.099703 0.092292
56 0.255953 0.494833 0.044531 0.066667
56 0.984672 0.626844 0.030656 0.163062
0 0.275336 0.614875 0.550672 0.750000
0 0.026172 0.421240 0.052344 0.180771
0 0.954453 0.469812 0.091094 0.211458
0 0.220484 0.439719 0.075813 0.194521
0 0.513453 0.533208 0.100188 0.425208
53 0.609289 0.970781 0.071891 0.058438
56 0.018617 0.589385 0.037047 0.147729
0 0.766016 0.595500 0.446625 0.773042
0 0.881727 0.510802 0.186578 0.374437
41 0.861148 0.928719 0.184141 0.142563
41 0.060844 0.480937 0.027406 0.045875
41 0.021242 0.480927 0.026672 0.058479
