0 0.862757 0.811063 0.152710 0.237594
0 0.143119 0.199023 0.084930 0.116797
35 0.435724 0.702734 0.021916 0.020563
0 0.405023 0.519945 0.071075 0.071578
0 0.659650 0.244906 0.054112 0.042406
0 0.319778 0.521297 0.062126 0.065219
0 0.552967 0.481695 0.062196 0.067484
13 0.505829 0.170125 0.988341 0.335062
13 0.405339 0.681570 0.650771 0.036797
13 0.499089 0.424609 0.998178 0.311688
56 0.448119 0.133781 0.033762 0.020250
56 0.430245 0.173898 0.044182 0.012016
56 0.377021 0.472164 0.045911 0.018234
56 0.605339 0.447164 0.036893 0.015703
56 0.867991 0.438883 0.032243 0.013984
