58 0.902359 0.425021 0.051562 0.086125
56 0.517437 0.822104 0.165781 0.332625
56 0.762906 0.815052 0.187094 0.311812
60 0.684484 0.726646 0.627563 0.380875
72 0.076680 0.609740 0.109547 0.752812
45 0.660805 0.562865 0.051484 0.057688
46 0.557852 0.542833 0.031766 0.024250
47 0.570664 0.540854 0.012984 0.015542
68 0.783492 0.466094 0.089453 0.052521
71 0.573992 0.490281 0.106484 0.019062
75 0.487938 0.544125 0.035875 0.070625
41 0.754500 0.552219 0.034781 0.070563
41 0.687750 0.359354 0.012031 0.026625
45 0.565445 0.560750 0.073203 0.061292
45 0.771148 0.244823 0.038203 0.031896
47 0.549172 0.546490 0.016969 0.013854
47 0.585570 0.550469 0.017953 0.013688
41 0.674719 0.358479 0.012781 0.034042
45 0.696547 0.185938 0.056250 0.019750
45 0.447844 0.181219 0.031625 0.013229
