39 0.305300 0.809707 0.139400 0.339093
56 0.736310 0.566573 0.119380 0.256560
56 0.456990 0.631013 0.120060 0.323307
56 0.455020 0.432453 0.048200 0.101173
41 0.760830 0.729333 0.080700 0.156480
43 0.514500 0.872893 0.228280 0.045733
53 0.568220 0.912307 0.130160 0.052987
0 0.221480 0.498187 0.429680 0.881920
0 0.594940 0.500000 0.266280 0.564053
0 0.555340 0.229213 0.163480 0.364027
0 0.677020 0.267560 0.062080 0.176720
0 0.833510 0.244400 0.063060 0.183040
0 0.904210 0.256187 0.180340 0.332587
41 0.955060 0.822467 0.089880 0.328080
58 0.425120 0.212840 0.152920 0.271547
60 0.776970 0.743827 0.434820 0.278640
39 0.169680 0.863667 0.091840 0.153787
43 0.726720 0.907947 0.112760 0.039307
58 0.784490 0.124787 0.143340 0.124187
75 0.790900 0.158293 0.033800 0.040480
0 0.052820 0.469373 0.102600 0.480507
0 0.391580 0.369173 0.100240 0.209067
0 0.078980 0.240467 0.065520 0.103547
41 0.788500 0.631387 0.078280 0.215307
