9 0.543492 0.176792 0.017078 0.061967
0 0.446148 0.489169 0.042547 0.131686
0 0.339242 0.489520 0.041047 0.142365
0 0.387547 0.487178 0.032375 0.106066
0 0.759258 0.439356 0.015078 0.020585
0 0.656875 0.446979 0.018094 0.030726
36 0.506547 0.794227 0.044844 0.048126
0 0.937359 0.440047 0.044875 0.062155
2 0.930063 0.697810 0.139875 0.433419
2 0.878867 0.633899 0.242047 0.341475
2 0.626719 0.543361 0.068406 0.157213
2 0.148398 0.583513 0.296797 0.389649
2 0.694688 0.542998 0.112875 0.200281
2 0.610359 0.530375 0.105937 0.141218
2 0.224570 0.441042 0.073359 0.114590
2 0.604789 0.463478 0.107547 0.062131
9 0.262180 0.190597 0.017734 0.056089
9 0.379664 0.420574 0.002859 0.010141
9 0.453594 0.345855 0.006250 0.024637
2 0.267414 0.515445 0.067859 0.185972
0 0.352031 0.451991 0.014188 0.056721
9 0.393562 0.399813 0.007062 0.021686
9 0.567664 0.177459 0.020828 0.057963
