39 0.625750 0.787880 0.038460 0.129093
56 0.233670 0.843987 0.464140 0.269787
74 0.298870 0.265720 0.052620 0.075973
63 0.626720 0.801640 0.262040 0.258640
0 0.218260 0.510120 0.220800 0.440453
0 0.071470 0.594413 0.142940 0.279013
0 0.609550 0.544667 0.081820 0.163627
0 0.775540 0.675987 0.245520 0.494693
0 0.936640 0.577760 0.126720 0.248427
0 0.290730 0.419093 0.318540 0.582027
0 0.552910 0.533987 0.077140 0.137840
0 0.912080 0.435747 0.060240 0.071120
63 0.837550 0.693013 0.086340 0.090293
0 0.030470 0.560987 0.060940 0.195840
56 0.517540 0.683813 0.055120 0.177493
56 0.921470 0.732933 0.146740 0.263093
56 0.682390 0.708400 0.163220 0.194933
0 0.979700 0.544187 0.040560 0.118293
