39 0.692406 0.599311 0.038687 0.186285
39 0.645539 0.853213 0.104453 0.290678
0 0.328750 0.474428 0.084375 0.236706
40 0.512461 0.807862 0.087172 0.217967
53 0.333109 0.873318 0.102469 0.117383
53 0.465602 0.597815 0.271266 0.064229
0 0.462930 0.463037 0.118984 0.175794
0 0.131953 0.502243 0.263906 0.995514
41 0.639625 0.900666 0.115156 0.198668
53 0.409414 0.457722 0.041953 0.034322
62 0.280703 0.148855 0.083156 0.099159
0 0.809578 0.558563 0.332875 0.731986
41 0.517625 0.910397 0.121594 0.142850
43 0.359633 0.709334 0.019516 0.008481
39 0.469008 0.689369 0.033516 0.075748
