2 0.498462 0.659812 0.056596 0.038687
2 0.840364 0.673148 0.160915 0.060984
0 0.423862 0.718172 0.098521 0.159187
2 0.329143 0.676859 0.135986 0.051062
2 0.385223 0.658281 0.091808 0.036750
0 0.138850 0.655586 0.038685 0.055078
0 0.182324 0.657359 0.022958 0.035375
2 0.951960 0.650195 0.047207 0.013578
2 0.425023 0.642805 0.024648 0.008328
0 0.105035 0.654969 0.021854 0.034563
28 0.709425 0.807109 0.134906 0.226500
0 0.239883 0.635992 0.020610 0.022984
0 0.260974 0.638430 0.021103 0.014891
0 0.329648 0.635437 0.019671 0.015313
2 0.749589 0.655531 0.500775 0.046875
2 0.486655 0.637805 0.041009 0.011703
28 0.269965 0.716828 0.045751 0.018281
2 0.679331 0.646125 0.046831 0.027937
0 0.255751 0.669172 0.063662 0.044062
5 0.671185 0.633398 0.095047 0.041797
0 0.215047 0.654508 0.020845 0.041516
