25 0.330141 0.161801 0.542719 0.269659
0 0.293789 0.643629 0.334641 0.712742
0 0.063547 0.358826 0.008625 0.036254
0 0.133188 0.354597 0.015406 0.034176
0 0.009000 0.345869 0.010250 0.021953
25 0.802047 0.339435 0.020625 0.040699
25 0.737914 0.335860 0.047516 0.025520
25 0.580914 0.343118 0.026516 0.015627
25 0.530680 0.348665 0.027266 0.013065
25 0.520750 0.323907 0.028625 0.008889
25 0.705477 0.352204 0.023422 0.008208
25 0.406492 0.348566 0.033703 0.013656
25 0.633687 0.345645 0.029250 0.011541
