56 0.319258 0.229729 0.047297 0.056292
56 0.278539 0.227167 0.040922 0.049458
56 0.393211 0.237156 0.062922 0.063229
53 0.589328 0.707865 0.821344 0.584271
60 0.500000 0.690583 1.000000 0.591917
0 0.892992 0.300250 0.214016 0.098500
39 0.128203 0.154625 0.026500 0.017958
39 0.119281 0.074104 0.039375 0.025042
39 0.115242 0.031885 0.038172 0.024604
39 0.073109 0.138302 0.032813 0.018062
39 0.630727 0.052125 0.052328 0.040625
39 0.923063 0.046000 0.016031 0.063667
56 0.972469 0.271906 0.053938 0.089896
56 0.450406 0.246365 0.045719 0.083854
60 0.293367 0.327615 0.430766 0.225104
56 0.021180 0.255583 0.038547 0.080542
45 0.890828 0.418010 0.218344 0.164104
56 0.161055 0.217875 0.048109 0.042583
