60 0.384156 0.748665 0.665375 0.502670
0 0.760695 0.554059 0.376328 0.891882
0 0.898594 0.313928 0.082375 0.302604
0 0.553406 0.254716 0.012562 0.103085
43 0.566977 0.656718 0.108078 0.064858
43 0.433930 0.480361 0.130609 0.029344
56 0.275695 0.635580 0.147297 0.126958
56 0.563352 0.493796 0.098609 0.097440
56 0.676258 0.438589 0.036328 0.137921
56 0.648789 0.359847 0.025547 0.116674
55 0.452844 0.684289 0.154313 0.119344
55 0.592688 0.527571 0.019031 0.034792
55 0.150234 0.766236 0.063062 0.057155
56 0.763914 0.903162 0.222734 0.193676
56 0.484086 0.409606 0.055641 0.140263
56 0.521617 0.336991 0.041797 0.096740
0 0.489422 0.377079 0.056219 0.190088
0 0.504414 0.295963 0.055047 0.086937
0 0.308703 0.186532 0.019688 0.065449
56 0.655602 0.324059 0.033859 0.071575
56 0.534453 0.384573 0.051281 0.129847
