56 0.096813 0.517860 0.175707 0.136960
47 0.335440 0.650120 0.087360 0.073600
47 0.559947 0.644330 0.103787 0.073740
46 0.067493 0.638100 0.073760 0.038640
46 0.267067 0.754190 0.163253 0.142100
46 0.623480 0.794690 0.076400 0.109140
46 0.158653 0.636060 0.099387 0.062120
46 0.462547 0.705080 0.093147 0.111120
46 0.680240 0.819570 0.072267 0.100020
46 0.598267 0.840670 0.087307 0.133700
60 0.482067 0.779470 0.964133 0.441060
0 0.829347 0.569600 0.341307 0.545600
41 0.894440 0.928580 0.099013 0.081760
51 0.470800 0.637450 0.133973 0.078820
51 0.109400 0.603700 0.053627 0.038440
47 0.410227 0.612700 0.090960 0.076440
