16 0.416802 0.614523 0.222938 0.322453
16 0.081729 0.741938 0.157708 0.357000
0 0.860510 0.345352 0.278979 0.450516
0 0.067625 0.291031 0.088917 0.096719
25 0.217531 0.111750 0.432896 0.118281
25 0.358229 0.161430 0.362250 0.076172
25 0.749802 0.194156 0.201312 0.058469
25 0.538552 0.222406 0.172479 0.040094
0 0.526625 0.229031 0.083917 0.059813
0 0.704500 0.270500 0.049542 0.123719
0 0.123635 0.284383 0.099771 0.104516
0 0.275885 0.285773 0.121271 0.181047
0 0.623500 0.362289 0.133542 0.294141
