0 0.290195 0.361083 0.113047 0.425667
0 0.509727 0.164833 0.059172 0.172944
0 0.754414 0.362000 0.137891 0.417833
0 0.851281 0.194139 0.071438 0.210667
0 0.288570 0.093167 0.039141 0.124222
0 0.133320 0.117250 0.044359 0.202000
0 0.257234 0.157306 0.029063 0.062944
20 0.587656 0.558681 0.824687 0.746639
20 0.502437 0.282333 0.199844 0.271167
20 0.355375 0.256361 0.156969 0.307611
20 0.057641 0.524764 0.115281 0.668917
20 0.223617 0.363972 0.279828 0.358222
20 0.982500 0.582611 0.035000 0.316278
20 0.197422 0.147000 0.099469 0.115611
