2 0.790781 0.500590 0.073719 0.072217
2 0.894320 0.579068 0.116766 0.123373
2 0.743852 0.458785 0.048734 0.064929
2 0.938336 0.435908 0.044109 0.074552
9 0.257508 0.530059 0.016547 0.024976
2 0.485734 0.425967 0.026687 0.038302
3 0.650227 0.408479 0.010641 0.023278
5 0.594695 0.322465 0.028828 0.039505
5 0.566469 0.314186 0.033406 0.033844
7 0.695352 0.380330 0.037359 0.067783
0 0.847430 0.422146 0.006703 0.044717
3 0.649758 0.365106 0.009359 0.022429
7 0.597328 0.596262 0.116969 0.174741
7 0.071055 0.621450 0.141297 0.126250
0 0.649586 0.391639 0.012734 0.017712
2 0.540734 0.362370 0.019281 0.021250
