32 0.481617 0.050219 0.013859 0.018896
56 0.799875 0.216917 0.056937 0.041750
56 0.893883 0.288740 0.044578 0.032771
38 0.323102 0.315802 0.084516 0.107354
0 0.152969 0.337073 0.077031 0.086146
0 0.297648 0.338906 0.047141 0.077438
0 0.292258 0.272333 0.048234 0.093542
0 0.341586 0.261917 0.052672 0.073083
0 0.519102 0.267406 0.053922 0.116854
0 0.709891 0.293583 0.054000 0.063917
0 0.268141 0.133094 0.034969 0.074812
56 0.864406 0.334833 0.042594 0.040667
56 0.578250 0.253646 0.045594 0.045958
56 0.915648 0.334344 0.048984 0.043354
56 0.938719 0.301115 0.046938 0.062604
56 0.834742 0.214896 0.047922 0.041292
56 0.772023 0.189417 0.042547 0.061708
56 0.852773 0.176729 0.047578 0.039167
56 0.888242 0.173063 0.036047 0.030583
0 0.186938 0.151365 0.050344 0.102937
56 0.629391 0.085365 0.037937 0.010396
