0 0.343573 0.535789 0.512188 0.654359
40 0.692969 0.441563 0.022062 0.039656
39 0.489125 0.627500 0.090667 0.089469
39 0.132740 0.040672 0.050646 0.079094
39 0.195042 0.046352 0.038167 0.087672
39 0.581052 0.095211 0.063604 0.136141
39 0.324490 0.048281 0.034229 0.096562
39 0.287073 0.067258 0.034521 0.077984
39 0.669802 0.140703 0.039729 0.070438
39 0.706948 0.146773 0.028646 0.070734
40 0.772437 0.432156 0.019917 0.051531
40 0.753229 0.429992 0.021958 0.029953
41 0.645687 0.833016 0.272667 0.296625
39 0.505208 0.090391 0.035792 0.112344
0 0.953688 0.523156 0.092625 0.237469
