32 0.278734 0.339885 0.012812 0.009437
56 0.349430 0.729698 0.047328 0.086271
38 0.312781 0.471927 0.042469 0.029771
38 0.741164 0.407885 0.039266 0.031521
0 0.725594 0.130448 0.024500 0.055229
0 0.896047 0.977531 0.033781 0.044937
0 0.143453 0.534188 0.061469 0.152292
0 0.414680 0.204813 0.024047 0.042875
0 0.382687 0.126010 0.024906 0.063021
13 0.142500 0.964292 0.285000 0.069583
13 0.347961 0.216750 0.024672 0.017625
13 0.254570 0.220979 0.022016 0.013417
13 0.206906 0.221729 0.024250 0.014625
0 0.885750 0.925833 0.040875 0.057292
13 0.060766 0.167594 0.041719 0.015271
28 0.264164 0.757719 0.041953 0.054437
0 0.318883 0.128479 0.027578 0.057958
13 0.027172 0.180563 0.021406 0.018208
32 0.359602 0.724073 0.003453 0.003604
