39 0.627375 0.276009 0.055656 0.248404
39 0.556281 0.246244 0.057219 0.222347
56 0.905414 0.188439 0.189172 0.192230
60 0.500000 0.561819 1.000000 0.852840
41 0.185547 0.656631 0.133781 0.341150
41 0.682078 0.716854 0.128625 0.350563
42 0.873563 0.593779 0.150344 0.258122
42 0.910852 0.576420 0.066422 0.208333
45 0.372016 0.475528 0.177469 0.181854
45 0.750539 0.651103 0.327766 0.380141
45 0.206984 0.562852 0.211438 0.203592
45 0.549219 0.467711 0.197000 0.244390
51 0.384367 0.485293 0.111984 0.114859
41 0.492789 0.269906 0.077484 0.230845
56 0.211797 0.142864 0.261063 0.280516
