25 0.546398 0.271792 0.168109 0.076375
56 0.603180 0.508500 0.310547 0.159500
0 0.054953 0.389958 0.109906 0.187750
0 0.675687 0.372396 0.134187 0.184708
60 0.501688 0.784271 0.996625 0.409000
60 0.118336 0.492812 0.119703 0.168125
52 0.418992 0.781802 0.466516 0.300229
56 0.722734 0.456740 0.050219 0.076521
58 0.297141 0.207094 0.219531 0.215229
56 0.794273 0.479563 0.032891 0.081250
56 0.817703 0.472302 0.036469 0.133396
56 0.024141 0.503958 0.045781 0.151500
56 0.243969 0.419708 0.025688 0.040083
56 0.277758 0.418031 0.005828 0.039938
0 0.361789 0.366802 0.013703 0.029229
0 0.207625 0.385854 0.075469 0.275875
