0 0.500375 0.735896 0.019062 0.067958
0 0.661336 0.740812 0.031172 0.084917
13 0.698797 0.757656 0.110906 0.055438
0 0.813164 0.686458 0.006672 0.018708
13 0.817531 0.701385 0.021500 0.022021
33 0.830398 0.391781 0.027797 0.030479
33 0.120586 0.493948 0.030141 0.037937
33 0.212953 0.543802 0.017781 0.025937
33 0.527672 0.389500 0.026438 0.031583
33 0.432844 0.601573 0.011844 0.022854
33 0.447195 0.549302 0.013734 0.018437
33 0.574977 0.551604 0.012828 0.010417
33 0.565469 0.495344 0.016875 0.026562
