58 0.045633 0.621180 0.084984 0.348248
39 0.675430 0.648014 0.028578 0.160374
39 0.213711 0.547792 0.018453 0.074509
56 0.628477 0.949463 0.235859 0.079579
0 0.380438 0.527009 0.188062 0.422430
68 0.530070 0.445643 0.130766 0.147780
40 0.124836 0.719182 0.037016 0.129346
41 0.183711 0.715526 0.090297 0.180911
44 0.236109 0.713879 0.039250 0.107009
46 0.568250 0.570093 0.042531 0.041495
71 0.226086 0.673411 0.069922 0.070981
39 0.606055 0.696717 0.013484 0.048715
41 0.245992 0.740689 0.034234 0.066565
65 0.171547 0.813551 0.064344 0.031822
71 0.238797 0.698061 0.024406 0.025280
