39 0.461609 0.673646 0.021906 0.075375
57 0.144664 0.762927 0.286109 0.450437
57 0.871055 0.639031 0.241078 0.211354
0 0.557023 0.541573 0.581453 0.894396
0 0.754250 0.607708 0.345250 0.761917
63 0.521781 0.668833 0.112250 0.090000
65 0.797453 0.253094 0.045031 0.072063
65 0.521680 0.323260 0.021672 0.013854
63 0.247375 0.746781 0.071438 0.087813
65 0.202281 0.782229 0.033656 0.032042
73 0.538938 0.599250 0.041531 0.045042
73 0.578984 0.598635 0.006031 0.038021
73 0.563086 0.596833 0.008609 0.037042
73 0.591047 0.554198 0.005281 0.034479
65 0.732719 0.439677 0.014375 0.025937
65 0.893813 0.358344 0.022469 0.028313
73 0.522609 0.554917 0.010719 0.034125
