14 0.687992 0.586019 0.090391 0.204309
14 0.238586 0.503419 0.142859 0.115644
0 0.747750 0.049321 0.007687 0.029789
8 0.579313 0.161674 0.155000 0.083068
8 0.321570 0.114871 0.090172 0.051803
8 0.701953 0.167494 0.141406 0.083841
8 0.976602 0.206792 0.046797 0.065761
8 0.066695 0.154766 0.080516 0.059368
8 0.417547 0.123431 0.067187 0.038852
14 0.398062 0.350562 0.046469 0.094379
14 0.369227 0.302951 0.046578 0.054192
14 0.465891 0.329485 0.069219 0.033162
14 0.592578 0.448607 0.058156 0.108220
14 0.891133 0.457916 0.030828 0.033489
14 0.386586 0.495738 0.053734 0.078314
14 0.763156 0.406323 0.100687 0.082014
8 0.486570 0.094274 0.071422 0.074965
14 0.553422 0.343267 0.081156 0.072014
