33 0.260080 0.235990 0.032394 0.027660
33 0.144468 0.417850 0.049255 0.045980
33 0.500465 0.374500 0.038910 0.035840
33 0.211144 0.066440 0.056915 0.065320
33 0.452207 0.204420 0.036223 0.033200
33 0.500359 0.296870 0.026888 0.027540
26 0.522114 0.665840 0.211463 0.123400
0 0.788910 0.694010 0.412394 0.584260
0 0.509508 0.724720 0.224122 0.528080
0 0.166237 0.565490 0.034335 0.095500
0 0.340652 0.594830 0.069654 0.088140
24 0.810293 0.717030 0.308830 0.318540
0 0.059588 0.561390 0.032367 0.084340
26 0.331902 0.695410 0.044441 0.077660
