5 0.809330 0.406740 0.377060 0.296614
7 0.956830 0.166317 0.040700 0.038025
7 0.942540 0.196034 0.036040 0.030125
26 0.544540 0.509044 0.017880 0.064420
26 0.841030 0.539702 0.016940 0.033824
0 0.834530 0.400831 0.026820 0.087555
0 0.916850 0.804498 0.075980 0.292132
0 0.558000 0.525078 0.031760 0.139812
0 0.364880 0.362915 0.012920 0.074169
0 0.820620 0.477445 0.029120 0.126238
0 0.850280 0.569530 0.046040 0.161944
0 0.889380 0.622288 0.062880 0.181003
4 0.989870 0.101317 0.020260 0.012853
26 0.906230 0.590784 0.016940 0.065831
28 0.745790 0.648197 0.029860 0.061034
0 0.486900 0.423605 0.036240 0.091160
0 0.782600 0.463699 0.034440 0.139248
0 0.955570 0.638119 0.088700 0.208527
24 0.816750 0.570376 0.025740 0.071348
24 0.434700 0.387367 0.010280 0.031599
24 0.823330 0.457492 0.017060 0.047085
24 0.788230 0.440470 0.021340 0.058746
24 0.982840 0.618103 0.032440 0.094451
24 0.497760 0.386082 0.007640 0.011097
26 0.700710 0.653495 0.024540 0.062915
7 0.984830 0.194796 0.030340 0.027586
26 0.983030 0.616928 0.030620 0.092978
