27 0.756238 0.487320 0.029159 0.035672
0 0.768271 0.468117 0.312523 0.169016
0 0.314393 0.524641 0.174626 0.136656
0 0.569474 0.499133 0.063294 0.104828
2 0.475000 0.461273 0.036963 0.017984
46 0.774685 0.768422 0.184463 0.137500
46 0.436589 0.848344 0.256495 0.129125
46 0.463318 0.719961 0.177944 0.161984
46 0.641308 0.596727 0.173037 0.098891
46 0.347710 0.911695 0.128598 0.173734
46 0.876682 0.680461 0.130093 0.067266
46 0.145047 0.944781 0.290093 0.110438
46 0.618645 0.911266 0.134673 0.158406
46 0.230152 0.904000 0.231799 0.164906
46 0.396343 0.722828 0.099790 0.100969
0 0.177325 0.696594 0.236939 0.387344
46 0.883516 0.913992 0.232967 0.172016
