17 0.220156 0.916522 0.157250 0.143791
3 0.549258 0.921761 0.107984 0.100896
3 0.600680 0.794552 0.087172 0.084806
3 0.194937 0.685910 0.072625 0.078746
3 0.413781 0.620657 0.067031 0.068119
13 0.520469 0.613552 0.064281 0.053373
13 0.317719 0.621388 0.060625 0.050597
13 0.238250 0.624164 0.061906 0.051552
0 0.162914 0.585388 0.036453 0.092149
0 0.077953 0.596925 0.017094 0.083701
0 0.591266 0.763925 0.033875 0.118955
0 0.099188 0.587090 0.019625 0.103731
17 0.605898 0.597866 0.089828 0.115791
0 0.191523 0.665104 0.021703 0.101672
0 0.544063 0.862597 0.040313 0.093672
0 0.177406 0.652657 0.021813 0.074866
