48 0.446448 0.849437 0.521354 0.256188
2 0.813771 0.245898 0.215875 0.081453
56 0.214719 0.404281 0.069062 0.225219
60 0.498115 0.763547 0.996229 0.444688
0 0.555812 0.295125 0.596250 0.573031
0 0.287646 0.360672 0.197750 0.357313
51 0.706365 0.578172 0.077104 0.028156
51 0.706698 0.549188 0.020604 0.026000
0 0.906979 0.277398 0.186042 0.195047
43 0.439833 0.661039 0.027708 0.064922
56 0.882156 0.465516 0.145354 0.162250
74 0.543510 0.424180 0.026562 0.020859
51 0.624438 0.569305 0.015125 0.031078
60 0.899990 0.407867 0.124979 0.079172
