56 0.133836 0.631563 0.036672 0.117375
65 0.695172 0.599531 0.014344 0.007646
0 0.403844 0.636437 0.177906 0.418083
0 0.542102 0.663021 0.111891 0.612958
0 0.644633 0.638563 0.099797 0.481500
0 0.692031 0.614083 0.064625 0.412250
0 0.248961 0.368875 0.060859 0.060542
0 0.438992 0.628375 0.094359 0.501083
0 0.413344 0.410354 0.061594 0.120208
0 0.166375 0.550323 0.074031 0.176938
0 0.066719 0.596740 0.125500 0.170187
56 0.732250 0.623729 0.049906 0.146833
56 0.106617 0.580792 0.053047 0.044625
65 0.590844 0.629667 0.019625 0.025542
