2 0.757635 0.195563 0.046437 0.057344
0 0.052417 0.276562 0.080417 0.150094
0 0.574260 0.164953 0.015063 0.043469
0 0.368500 0.188578 0.044250 0.078438
0 0.485594 0.193586 0.035021 0.076922
0 0.462667 0.198148 0.024917 0.066547
0 0.428646 0.178789 0.015500 0.041891
0 0.599906 0.171875 0.014437 0.031187
0 0.397208 0.192563 0.023167 0.066594
1 0.180021 0.317680 0.076583 0.103891
3 0.709531 0.260742 0.212979 0.068297
7 0.961396 0.131516 0.077208 0.114750
9 0.810656 0.096461 0.008146 0.007609
10 0.422615 0.249047 0.027354 0.051687
1 0.747333 0.388984 0.077833 0.061437
2 0.863115 0.194820 0.156479 0.135609
3 0.619844 0.384367 0.444271 0.168734
3 0.806437 0.378563 0.149583 0.109563
3 0.763406 0.240664 0.193646 0.082859
3 0.547312 0.466406 0.640792 0.297250
3 0.544312 0.353375 0.135167 0.040844
3 0.661719 0.242688 0.080312 0.039844
