0 0.251914 0.516979 0.067484 0.197583
0 0.309281 0.513948 0.059437 0.218729
0 0.464641 0.524531 0.070312 0.234729
0 0.532523 0.489073 0.081016 0.306021
0 0.604828 0.673708 0.196906 0.275792
0 0.516594 0.500125 0.038031 0.225542
0 0.570031 0.406396 0.010187 0.030750
26 0.953844 0.720469 0.047719 0.055604
0 0.648625 0.552396 0.080344 0.136167
24 0.593273 0.712802 0.102609 0.164438
24 0.882555 0.751854 0.166422 0.120000
24 0.259094 0.436427 0.020063 0.009813
30 0.381469 0.621375 0.092375 0.058250
30 0.822305 0.610271 0.044266 0.046667
30 0.248047 0.611865 0.103719 0.040354
