17 0.185891 0.766097 0.084500 0.399139
17 0.757016 0.661306 0.071719 0.286444
17 0.316859 0.774667 0.090531 0.424889
17 0.269031 0.737403 0.052094 0.406694
17 0.833117 0.654528 0.064266 0.237778
7 0.171367 0.549778 0.231703 0.214222
7 0.359156 0.472333 0.135281 0.138278
0 0.190680 0.614875 0.111141 0.327694
0 0.010445 0.656486 0.019766 0.176639
0 0.417242 0.543986 0.038078 0.133028
0 0.391914 0.605931 0.054734 0.249972
0 0.476836 0.582486 0.111266 0.315139
0 0.671617 0.579958 0.132047 0.343972
17 0.884359 0.581292 0.035937 0.151028
0 0.569953 0.516944 0.082094 0.196500
0 0.931000 0.501833 0.060625 0.218778
0 0.847320 0.553208 0.069797 0.215028
