0 0.606219 0.431031 0.252937 0.638719
0 0.311273 0.450292 0.188766 0.593343
0 0.092023 0.485390 0.173953 0.561811
55 0.471445 0.906741 0.196641 0.141560
55 0.535727 0.774164 0.146234 0.110111
0 0.210797 0.466323 0.022531 0.077437
13 0.464898 0.529123 0.037484 0.068942
55 0.609070 0.919067 0.038109 0.071783
55 0.677227 0.814777 0.029078 0.043649
55 0.650414 0.924847 0.037984 0.068134
55 0.712688 0.825348 0.042719 0.049694
55 0.626062 0.810557 0.039125 0.063120
56 0.194836 0.565557 0.052016 0.106323
56 0.189609 0.542201 0.047563 0.061783
55 0.683094 0.788928 0.032531 0.044262
55 0.656180 0.776546 0.017266 0.020390
60 0.463844 0.530084 0.037000 0.067409
60 0.631570 0.688900 0.489422 0.185933
45 0.365445 0.854666 0.067203 0.094234
55 0.646461 0.816337 0.032297 0.050111
60 0.289563 0.920195 0.229406 0.134652
