57 0.365867 0.571447 0.277516 0.235271
56 0.595984 0.518424 0.128344 0.113882
57 0.599797 0.513341 0.142625 0.115906
60 0.595633 0.782424 0.559859 0.412188
44 0.421719 0.840153 0.071625 0.078659
41 0.493930 0.757718 0.032672 0.125835
43 0.644453 0.963141 0.054219 0.073718
43 0.538516 0.715176 0.056469 0.022353
44 0.772234 0.808412 0.076906 0.038753
44 0.690445 0.992412 0.022297 0.015176
44 0.534617 0.704388 0.062609 0.021247
45 0.542055 0.568388 0.053234 0.031412
75 0.674891 0.579541 0.067562 0.202659
40 0.648484 0.759553 0.063906 0.203059
40 0.720812 0.619153 0.048562 0.109224
40 0.656656 0.553694 0.017188 0.045976
41 0.711797 0.711859 0.031875 0.114824
41 0.048070 0.476765 0.031641 0.051741
43 0.801258 0.705659 0.081297 0.040729
44 0.789453 0.633506 0.022281 0.028282
56 0.348883 0.655847 0.191328 0.231318
58 0.681000 0.547224 0.127062 0.349694
