39 0.834828 0.898073 0.040469 0.203854
39 0.980648 0.813979 0.032266 0.169875
57 0.536398 0.768948 0.330828 0.381146
0 0.250000 0.591938 0.412750 0.816125
65 0.318000 0.397844 0.082219 0.038812
40 0.902867 0.792406 0.028141 0.103854
73 0.889078 0.366885 0.014063 0.065979
73 0.885406 0.591198 0.029406 0.069396
73 0.871180 0.674625 0.035328 0.078292
73 0.877008 0.593427 0.030078 0.070438
73 0.935656 0.937031 0.105094 0.053812
73 0.909953 0.864844 0.068906 0.019229
73 0.889977 0.472052 0.010266 0.084479
73 0.894250 0.594729 0.026375 0.067083
65 0.811398 0.850510 0.035891 0.027104
73 0.811297 0.655615 0.022750 0.067479
