39 0.542953 0.338201 0.045312 0.146067
39 0.513898 0.352479 0.031953 0.162155
0 0.323945 0.217176 0.232578 0.429331
0 0.791211 0.203190 0.347859 0.392699
41 0.737086 0.298305 0.055422 0.071632
44 0.755984 0.240659 0.047500 0.057594
53 0.407008 0.826967 0.186297 0.238201
53 0.481695 0.733703 0.527016 0.375272
53 0.788031 0.372824 0.106813 0.039163
45 0.875805 0.432856 0.149984 0.067762
53 0.311703 0.493808 0.031000 0.023724
67 0.346906 0.325136 0.040375 0.031527
0 0.155828 0.295063 0.311656 0.570377
42 0.299453 0.457626 0.021031 0.033075
53 0.350094 0.796872 0.268406 0.190105
