56 0.086516 0.892896 0.173031 0.214208
56 0.854086 0.823604 0.165172 0.352792
56 0.963977 0.559552 0.057453 0.188771
60 0.458055 0.699521 0.255047 0.516792
0 0.201859 0.602479 0.403719 0.795042
41 0.448531 0.582844 0.060281 0.138229
45 0.507922 0.540177 0.084031 0.071604
0 0.663937 0.611469 0.375875 0.744729
0 0.858297 0.358969 0.198000 0.329562
41 0.481617 0.484844 0.046266 0.059271
41 0.356656 0.571490 0.061469 0.123188
41 0.569297 0.536073 0.053500 0.091479
41 0.526203 0.476990 0.038594 0.050729
41 0.551031 0.465115 0.037375 0.050229
56 0.343969 0.496510 0.036844 0.066437
