25 0.765141 0.765831 0.177781 0.196094
25 0.685133 0.537008 0.140484 0.145208
25 0.222539 0.646828 0.108141 0.129114
25 0.444906 0.492133 0.103937 0.139335
25 0.455789 0.251496 0.108766 0.135291
25 0.360773 0.455125 0.061609 0.171191
25 0.301672 0.171150 0.080750 0.095928
26 0.235133 0.768546 0.046891 0.085402
26 0.705391 0.653864 0.048125 0.102687
26 0.923086 0.323657 0.048953 0.098726
0 0.395477 0.752812 0.093797 0.260693
0 0.270414 0.449515 0.095234 0.275208
0 0.325766 0.301690 0.101406 0.188753
0 0.436453 0.079737 0.067875 0.159474
0 0.276328 0.111704 0.059625 0.102133
0 0.818008 0.186731 0.093797 0.308920
0 0.202906 0.381648 0.060125 0.188560
26 0.047156 0.059321 0.018125 0.041136
26 0.197750 0.262978 0.046719 0.071219
26 0.789180 0.176247 0.024797 0.059363
0 0.479133 0.660679 0.116609 0.233712
0 0.585070 0.261233 0.108703 0.287729
25 0.069328 0.295416 0.064687 0.098421
26 0.757133 0.278102 0.037578 0.071163
