1 0.948970 0.653814 0.099940 0.155976
3 0.426030 0.691111 0.073260 0.195556
9 0.129920 0.279384 0.044800 0.152462
9 0.839800 0.242132 0.029840 0.125886
24 0.754980 0.578333 0.030960 0.072282
0 0.050890 0.686141 0.101780 0.357327
0 0.416810 0.623589 0.100260 0.294384
0 0.240980 0.633529 0.102680 0.301532
0 0.591910 0.621231 0.063100 0.257598
0 0.976200 0.609009 0.046960 0.237357
0 0.514530 0.546246 0.020020 0.040180
1 0.747990 0.680616 0.048540 0.148258
26 0.021440 0.745030 0.042880 0.100450
0 0.568500 0.579009 0.023400 0.107087
0 0.367100 0.534279 0.010840 0.024414
3 0.575220 0.594745 0.025520 0.103844
26 0.269490 0.626547 0.024260 0.028048
