77 0.541810 0.743259 0.085780 0.089077
77 0.943000 0.816890 0.104520 0.205982
77 0.784440 0.702664 0.061120 0.090506
0 0.436340 0.747470 0.052240 0.115952
0 0.398100 0.617039 0.146760 0.736161
0 0.583520 0.719583 0.056640 0.271726
0 0.813020 0.561071 0.052880 0.078690
0 0.675580 0.637619 0.040760 0.082857
0 0.779340 0.601339 0.031480 0.078750
73 0.280380 0.508869 0.011880 0.037083
73 0.581260 0.481622 0.005480 0.027232
73 0.237710 0.589821 0.015100 0.068690
73 0.273190 0.589940 0.038260 0.069405
73 0.269570 0.507485 0.007980 0.040387
73 0.613170 0.486622 0.080220 0.038423
0 0.803070 0.494807 0.077860 0.170089
0 0.803880 0.791771 0.081080 0.383720
73 0.493350 0.507113 0.056780 0.040655
77 0.443260 0.829598 0.046560 0.076518
77 0.137280 0.661503 0.084000 0.104137
