39 0.830672 0.274016 0.032103 0.027531
41 0.626626 0.285750 0.058240 0.049781
41 0.918778 0.524758 0.106455 0.095672
41 0.869487 0.296602 0.060538 0.080109
41 0.428203 0.344781 0.058998 0.065031
44 0.632225 0.730414 0.347971 0.182797
44 0.532433 0.460383 0.151907 0.024172
44 0.176699 0.498305 0.132567 0.052797
0 0.320452 0.254641 0.312200 0.267500
45 0.443068 0.771914 0.407897 0.231453
0 0.979132 0.186570 0.041736 0.084672
56 0.425758 0.263188 0.199144 0.169406
60 0.500000 0.653242 1.000000 0.657141
44 0.955990 0.601906 0.088020 0.036187
0 0.716235 0.158078 0.160978 0.163938
