50 0.372778 0.846315 0.230000 0.172206
50 0.269967 0.293227 0.420523 0.438382
50 0.556176 0.292696 0.105621 0.161797
50 0.403366 0.481650 0.173039 0.159542
50 0.672059 0.816471 0.087549 0.120817
50 0.200074 0.498113 0.103807 0.046781
50 0.511634 0.494820 0.149804 0.181340
51 0.931740 0.437590 0.070310 0.075408
51 0.669069 0.132492 0.061667 0.026258
51 0.722239 0.400719 0.056993 0.031732
51 0.539698 0.187851 0.022958 0.025735
51 0.534886 0.101299 0.126373 0.096814
51 0.642288 0.625752 0.026307 0.025654
51 0.519469 0.517958 0.038350 0.034510
