39 0.148911 0.767805 0.105644 0.059078
0 0.488384 0.530336 0.525433 0.759547
40 0.979906 0.133867 0.039110 0.050172
41 0.701276 0.231094 0.056276 0.040094
41 0.854578 0.228438 0.046674 0.038156
45 0.214110 0.394102 0.189813 0.075578
39 0.086475 0.667258 0.127518 0.062203
39 0.065585 0.651156 0.129391 0.040813
41 0.658770 0.239695 0.035433 0.023422
41 0.710890 0.289398 0.031007 0.026641
39 0.163162 0.656602 0.092974 0.062047
41 0.768103 0.234336 0.047213 0.029016
41 0.748993 0.210836 0.041874 0.034641
39 0.042951 0.634242 0.069321 0.014172
39 0.174590 0.790836 0.046511 0.040109
40 0.730656 0.137992 0.051475 0.062547
40 0.935246 0.135102 0.061077 0.051172
40 0.691874 0.157141 0.026745 0.025094
