59 0.253219 0.835269 0.437312 0.301145
73 0.878945 0.614661 0.009766 0.043855
73 0.937750 0.702336 0.015844 0.045841
73 0.819977 0.600479 0.008203 0.051612
73 0.908414 0.699626 0.009453 0.037523
73 0.943852 0.616752 0.018203 0.052523
73 0.848281 0.537278 0.013281 0.051285
73 0.869531 0.537161 0.020188 0.054743
73 0.985313 0.542664 0.026812 0.053692
73 0.898062 0.697780 0.013250 0.041916
24 0.491461 0.651542 0.040047 0.070888
28 0.547680 0.652523 0.056859 0.074159
73 0.843773 0.604988 0.042391 0.058201
74 0.927687 0.533668 0.050375 0.049346
