1 0.596141 0.884365 0.107313 0.212438
26 0.789180 0.583740 0.017672 0.046521
26 0.324562 0.587063 0.036656 0.070542
0 0.635836 0.814667 0.116641 0.347458
0 0.194289 0.611302 0.085766 0.363562
0 0.274750 0.627333 0.058062 0.270042
0 0.352758 0.608010 0.091172 0.310771
0 0.850758 0.573813 0.028641 0.117333
0 0.561609 0.590490 0.054344 0.206062
24 0.242172 0.606583 0.026031 0.096708
24 0.165227 0.527177 0.056078 0.100479
24 0.522773 0.552104 0.028359 0.062042
24 0.573789 0.548906 0.031609 0.052896
24 0.404430 0.533583 0.055547 0.087708
26 0.740758 0.591323 0.011453 0.032396
26 0.651500 0.554844 0.017438 0.034646
0 0.499219 0.601062 0.065812 0.224333
0 0.597523 0.529948 0.045016 0.087771
0 0.632891 0.539740 0.026719 0.065729
0 0.650734 0.521396 0.015094 0.045792
1 0.771383 0.609344 0.025891 0.048354
26 0.706492 0.576531 0.010234 0.033771
26 0.841367 0.585458 0.008953 0.017333
