25 0.455036 0.214352 0.521520 0.260078
0 0.913800 0.495750 0.172399 0.593750
0 0.808895 0.494172 0.168052 0.503656
0 0.722150 0.488906 0.136366 0.467625
0 0.516888 0.557883 0.280380 0.773547
0 0.083017 0.507328 0.166033 0.561500
0 0.177732 0.438680 0.142162 0.422172
0 0.139430 0.130242 0.082565 0.093016
0 0.656948 0.490766 0.148670 0.559125
26 0.155629 0.470773 0.045131 0.119391
26 0.086971 0.516539 0.087102 0.049109
26 0.729941 0.486852 0.054941 0.092484
0 0.586211 0.271367 0.045297 0.059828
0 0.836948 0.132844 0.075226 0.082469
