0 0.284281 0.546212 0.434250 0.880894
0 0.417383 0.433329 0.027422 0.089341
0 0.778984 0.341753 0.090938 0.167271
0 0.947734 0.497224 0.094125 0.493271
0 0.055211 0.447624 0.110422 0.375294
0 0.329344 0.440094 0.063281 0.320235
40 0.356445 0.613529 0.021641 0.079953
40 0.045109 0.619129 0.022719 0.073553
60 0.411125 0.682024 0.162656 0.200000
0 0.393336 0.395094 0.045859 0.181341
27 0.509930 0.367188 0.011016 0.041435
40 0.384477 0.487471 0.011578 0.038612
56 0.430609 0.590635 0.062781 0.090494
56 0.449961 0.467294 0.031328 0.074259
0 0.823219 0.380035 0.033063 0.091459
0 0.930711 0.675965 0.138578 0.648071
56 0.460984 0.430882 0.017094 0.056541
60 0.535367 0.455071 0.025078 0.043600
