77 0.541305 0.655748 0.139734 0.319112
0 0.686031 0.740444 0.172812 0.456168
0 0.470773 0.806589 0.195891 0.386822
0 0.326125 0.800444 0.232406 0.372196
0 0.152484 0.769813 0.177344 0.460374
0 0.054977 0.805187 0.109953 0.364860
0 0.234953 0.487079 0.142937 0.420327
0 0.553492 0.505012 0.121703 0.203294
24 0.040898 0.576507 0.081797 0.138481
24 0.881750 0.211717 0.045437 0.121332
26 0.277945 0.925935 0.072984 0.147103
26 0.951625 0.415970 0.091281 0.216332
26 0.831461 0.219696 0.031922 0.083645
67 0.211492 0.383400 0.016891 0.033107
24 0.462352 0.602161 0.030391 0.065117
26 0.615867 0.953376 0.104672 0.091098
