56 0.643906 0.162740 0.019375 0.052104
0 0.442414 0.182021 0.237641 0.364042
0 0.142039 0.211844 0.263297 0.422229
0 0.695727 0.129729 0.094172 0.152417
0 0.829031 0.121313 0.064656 0.174125
41 0.394906 0.396854 0.054281 0.103833
45 0.484766 0.417031 0.122969 0.104438
60 0.500000 0.647479 1.000000 0.678083
60 0.692156 0.238260 0.257719 0.098521
45 0.778109 0.168198 0.015344 0.008854
45 0.430359 0.542031 0.074063 0.057438
45 0.025281 0.953323 0.050562 0.093354
51 0.449328 0.821687 0.021438 0.093250
51 0.468969 0.803500 0.024594 0.093667
51 0.353039 0.496708 0.021078 0.065583
51 0.376641 0.496573 0.044719 0.084479
51 0.531422 0.808635 0.103094 0.086646
51 0.527500 0.854969 0.096250 0.104188
51 0.191461 0.917146 0.076953 0.082458
51 0.462562 0.830531 0.021750 0.064646
60 0.775680 0.184917 0.054359 0.022333
41 0.592703 0.382927 0.049000 0.101312
41 0.266437 0.384563 0.064219 0.059542
45 0.850648 0.875323 0.298703 0.218188
56 0.571500 0.250885 0.111281 0.178062
41 0.923023 0.571885 0.092828 0.122854
