26 0.348031 0.742698 0.055625 0.191021
26 0.185383 0.574177 0.057766 0.204563
26 0.043750 0.375333 0.042219 0.111625
0 0.269664 0.602240 0.205609 0.750562
0 0.094344 0.385396 0.056750 0.227667
0 0.167320 0.416156 0.057016 0.304271
0 0.195062 0.366167 0.047031 0.176458
0 0.368938 0.411260 0.032281 0.345771
0 0.138156 0.377104 0.034781 0.161500
0 0.008617 0.318490 0.017078 0.039271
0 0.011234 0.564260 0.022469 0.255729
0 0.043453 0.421792 0.069156 0.325125
26 0.019938 0.778396 0.039875 0.202375
0 0.352805 0.439438 0.039016 0.182917
25 0.925516 0.346510 0.148969 0.114562
26 0.130820 0.354885 0.030734 0.063146
