2 0.358505 0.565664 0.140140 0.049672
2 0.258423 0.565805 0.098435 0.039359
13 0.822278 0.789148 0.350023 0.192578
24 0.172886 0.706000 0.066192 0.061750
24 0.033026 0.585555 0.066051 0.088516
26 0.578131 0.717078 0.121308 0.053531
26 0.340724 0.675938 0.088598 0.030219
0 0.344089 0.614781 0.061121 0.063438
0 0.342079 0.695047 0.188178 0.173594
0 0.567617 0.732203 0.168084 0.226906
0 0.593843 0.561773 0.034650 0.063234
0 0.671227 0.561742 0.033201 0.057703
0 0.740105 0.549305 0.039556 0.039359
26 0.675654 0.725305 0.060888 0.024984
2 0.125093 0.548656 0.027290 0.021906
