56 0.706164 0.929215 0.161922 0.114590
56 0.123219 0.921171 0.141250 0.137377
41 0.357000 0.834251 0.039250 0.055293
41 0.444961 0.758314 0.023109 0.059204
41 0.327531 0.817377 0.031781 0.071475
41 0.525102 0.760468 0.026484 0.088337
0 0.073359 0.790632 0.146500 0.418735
0 0.167273 0.655984 0.107609 0.283302
41 0.315766 0.785562 0.030250 0.066159
43 0.464102 0.897307 0.027109 0.043653
43 0.542945 0.872752 0.049516 0.012576
45 0.346305 0.882857 0.104734 0.055925
0 0.601969 0.769660 0.286375 0.433700
0 0.809617 0.769660 0.164922 0.460679
0 0.020945 0.597564 0.041891 0.192319
0 0.608430 0.630796 0.062109 0.269461
39 0.542719 0.771030 0.016031 0.095457
41 0.563164 0.809684 0.032922 0.053232
41 0.396008 0.792201 0.016453 0.062623
41 0.368063 0.730574 0.031125 0.030328
56 0.902805 0.844426 0.067703 0.207026
56 0.463586 0.646745 0.117641 0.014895
41 0.531734 0.826311 0.049438 0.049391
41 0.399219 0.740831 0.026344 0.047845
41 0.353250 0.783501 0.032438 0.040585
