0 0.468086 0.582542 0.212266 0.393917
0 0.849437 0.420219 0.109375 0.257896
0 0.501906 0.326885 0.065031 0.309146
0 0.356242 0.283615 0.041859 0.163479
0 0.207766 0.231510 0.028281 0.040979
63 0.163656 0.637104 0.215563 0.157958
0 0.662180 0.211677 0.023672 0.060312
56 0.908047 0.809052 0.183906 0.381896
56 0.549953 0.432844 0.075781 0.173104
56 0.320625 0.351802 0.060344 0.108604
56 0.070477 0.498344 0.072641 0.084104
27 0.374234 0.890000 0.357281 0.214708
27 0.307000 0.892760 0.360625 0.183396
27 0.413531 0.897562 0.313406 0.203417
27 0.101125 0.781125 0.154781 0.073000
56 0.130117 0.528417 0.081641 0.087542
56 0.287023 0.381667 0.048297 0.122000
56 0.099008 0.437833 0.041953 0.074583
56 0.009102 0.406021 0.018203 0.095458
27 0.081484 0.742542 0.162969 0.081542
56 0.591102 0.628896 0.064266 0.106542
56 0.057234 0.450500 0.068219 0.127125
