14 0.475773 0.616193 0.013141 0.015830
14 0.713492 0.523299 0.018422 0.010581
14 0.657344 0.521515 0.014688 0.013112
14 0.516773 0.517604 0.014516 0.015000
14 0.498563 0.525322 0.003844 0.005124
14 0.773023 0.577873 0.014016 0.011183
14 0.708055 0.577407 0.016797 0.019502
14 0.748680 0.517718 0.026984 0.010954
14 0.500438 0.592469 0.012219 0.015436
14 0.513164 0.577707 0.014984 0.019606
14 0.544187 0.572158 0.019344 0.019917
17 0.222695 0.634409 0.063172 0.055913
0 0.579867 0.580415 0.016359 0.040996
17 0.867437 0.578382 0.029031 0.040249
17 0.632469 0.596483 0.035000 0.043880
17 0.064312 0.643133 0.077844 0.065187
17 0.822539 0.581981 0.029516 0.039730
0 0.823641 0.563506 0.027625 0.025145
