60 0.495514 0.495539 0.956028 0.330203
60 0.749860 0.830477 0.472570 0.323109
60 0.928493 0.125844 0.111425 0.225094
60 0.251565 0.835289 0.489065 0.315297
41 0.649883 0.417625 0.072850 0.064719
44 0.326367 0.328648 0.054603 0.031453
45 0.640946 0.854164 0.257500 0.262547
45 0.096238 0.897914 0.176682 0.116797
45 0.312243 0.564789 0.175514 0.083141
45 0.187313 0.628711 0.139907 0.069047
45 0.328481 0.624930 0.226121 0.080109
45 0.767605 0.455398 0.120070 0.045547
45 0.724147 0.122625 0.426752 0.217969
45 0.342757 0.151688 0.336028 0.271906
0 0.898131 0.465117 0.185748 0.229453
45 0.309848 0.355922 0.124322 0.053656
41 0.569486 0.333227 0.048925 0.039328
41 0.509568 0.342555 0.049603 0.042328
0 0.832208 0.344273 0.250584 0.061859
45 0.333808 0.384336 0.090607 0.034297
41 0.587453 0.457883 0.090467 0.063047
