5 0.249836 0.593107 0.197766 0.302477
5 0.950125 0.460023 0.099750 0.175093
5 0.496484 0.303586 0.075219 0.139883
0 0.842664 0.407593 0.028391 0.091215
0 0.211859 0.438785 0.017844 0.051075
5 0.923984 0.211005 0.057937 0.087804
5 0.525594 0.200783 0.035187 0.067967
0 0.190883 0.429334 0.017328 0.075397
0 0.328641 0.326706 0.014250 0.067617
0 0.373258 0.286951 0.014484 0.058248
0 0.014242 0.664299 0.025203 0.132243
2 0.717023 0.701425 0.128609 0.176822
2 0.337383 0.773785 0.121734 0.155047
5 0.614492 0.365397 0.097609 0.179159
5 0.564172 0.274661 0.065781 0.119743
0 0.305781 0.356390 0.024531 0.068435
2 0.682336 0.372512 0.048141 0.094509
2 0.531852 0.583972 0.103922 0.106776
2 0.836070 0.293715 0.054109 0.051215
2 0.815867 0.355023 0.058641 0.062991
5 0.579711 0.188621 0.043016 0.044065
0 0.115992 0.537921 0.018953 0.084393
5 0.957742 0.234544 0.057859 0.097687
0 0.258391 0.420689 0.029781 0.044743
