77 0.701461 0.501449 0.031922 0.069065
77 0.676414 0.562675 0.055547 0.057313
0 0.215391 0.760129 0.310281 0.459463
0 0.378711 0.721787 0.174328 0.519089
0 0.046781 0.503107 0.088500 0.207850
0 0.669703 0.604836 0.042812 0.195327
0 0.106695 0.607185 0.105203 0.285397
0 0.408812 0.584334 0.114156 0.431051
0 0.624445 0.494626 0.076453 0.377196
25 0.655141 0.363668 0.153281 0.058645
77 0.579586 0.518131 0.019641 0.058131
77 0.400648 0.761484 0.106109 0.198902
0 0.947133 0.474112 0.094891 0.268505
56 0.138359 0.459521 0.019437 0.084836
56 0.342102 0.492582 0.013672 0.090350
