39 0.223906 0.533044 0.043188 0.129461
43 0.257133 0.415703 0.006203 0.031171
43 0.266555 0.415222 0.011922 0.036721
43 0.290969 0.430410 0.010750 0.034356
69 0.536750 0.609426 0.185906 0.415714
71 0.287219 0.559731 0.093875 0.041944
43 0.271273 0.419649 0.012047 0.032319
43 0.287594 0.457951 0.013969 0.034028
39 0.190539 0.491604 0.013453 0.053653
40 0.176281 0.566651 0.034687 0.089321
40 0.144555 0.568396 0.038391 0.106206
43 0.278391 0.400480 0.003687 0.011686
43 0.281766 0.431745 0.003719 0.027002
43 0.276156 0.429789 0.009781 0.037049
39 0.735812 0.460527 0.018531 0.025410
41 0.796656 0.215808 0.027531 0.056347
