16 0.847703 0.462622 0.113750 0.189907
0 0.254180 0.251900 0.070484 0.445198
0 0.941078 0.512984 0.117844 0.945828
1 0.772203 0.244464 0.095469 0.216434
1 0.038039 0.281608 0.070516 0.185221
1 0.013141 0.303473 0.026281 0.189138
1 0.083914 0.129744 0.167828 0.209044
36 0.498672 0.540793 0.178000 0.274312
41 0.874375 0.075793 0.087750 0.150746
26 0.731320 0.218380 0.038672 0.136946
26 0.462617 0.212564 0.040891 0.162331
0 0.498398 0.213683 0.096484 0.425268
1 0.892305 0.203578 0.214578 0.290606
1 0.219234 0.794114 0.435313 0.383520
1 0.207000 0.157214 0.049906 0.125991
0 0.176656 0.093823 0.072000 0.187646
