13 0.401016 0.207792 0.273188 0.091417
0 0.607734 0.566260 0.149656 0.291479
0 0.112414 0.808115 0.121047 0.353937
0 0.480500 0.719198 0.192219 0.292479
0 0.540414 0.747781 0.200953 0.376563
0 0.755852 0.392990 0.136453 0.299312
0 0.094828 0.241250 0.104438 0.336583
0 0.150695 0.146604 0.099391 0.276625
0 0.708711 0.746073 0.193828 0.287646
0 0.352359 0.069740 0.071188 0.101104
27 0.479531 0.119281 0.024938 0.066521
27 0.579789 0.134865 0.015172 0.055729
27 0.649891 0.046917 0.012063 0.038750
27 0.427922 0.110708 0.008906 0.040458
27 0.351914 0.079427 0.007984 0.033604
56 0.307969 0.177125 0.073219 0.123083
56 0.388875 0.194115 0.071438 0.124896
56 0.521383 0.206969 0.066016 0.093896
56 0.520117 0.074271 0.026922 0.032167
56 0.565953 0.083948 0.023531 0.032188
56 0.351906 0.188833 0.066156 0.133000
56 0.846672 0.057385 0.051219 0.065021
0 0.767703 0.250479 0.057063 0.126792
