2 0.567477 0.384521 0.017703 0.012250
2 0.566016 0.378687 0.017438 0.011125
5 0.143594 0.260562 0.287188 0.521125
1 0.355930 0.781135 0.129141 0.345646
0 0.351508 0.627271 0.159453 0.599875
0 0.437414 0.494635 0.100016 0.328813
0 0.511984 0.431104 0.028156 0.118125
1 0.500242 0.533917 0.010172 0.049000
2 0.549367 0.385937 0.014516 0.011583
9 0.644484 0.273375 0.011000 0.030250
0 0.807828 0.377885 0.015344 0.054271
0 0.733609 0.374458 0.010000 0.034875
0 0.688016 0.391094 0.008469 0.033229
9 0.360047 0.294958 0.015500 0.031792
9 0.733281 0.318854 0.009969 0.014750
9 0.574477 0.346302 0.007641 0.014687
