37 0.862555 0.677771 0.272172 0.212833
37 0.532750 0.645802 0.068187 0.138396
37 0.515820 0.632833 0.100453 0.149583
37 0.417812 0.631958 0.065000 0.117833
37 0.450828 0.648448 0.075406 0.115854
0 0.653570 0.437365 0.032609 0.090479
0 0.731734 0.434198 0.039750 0.086146
0 0.871352 0.457302 0.043828 0.119104
0 0.834273 0.447573 0.030016 0.109063
0 0.372742 0.479302 0.041859 0.126479
0 0.403062 0.432938 0.023813 0.043333
0 0.273258 0.529698 0.030578 0.074354
0 0.473555 0.465292 0.037328 0.117167
0 0.606477 0.445531 0.019953 0.075563
37 0.668758 0.643875 0.070984 0.167958
56 0.241063 0.528469 0.066562 0.078646
37 0.266414 0.637927 0.065422 0.117938
0 0.783906 0.465844 0.032406 0.112146
37 0.578477 0.638240 0.061734 0.151271
37 0.634070 0.641490 0.082672 0.161896
