39 0.659660 0.246315 0.012720 0.067125
39 0.688260 0.232385 0.024240 0.101284
39 0.708970 0.240153 0.019740 0.092661
39 0.730550 0.228899 0.023420 0.107462
39 0.751840 0.232018 0.023200 0.102141
39 0.773150 0.228670 0.026940 0.115138
39 0.769210 0.449786 0.015100 0.058899
39 0.793320 0.236223 0.018640 0.093303
39 0.808080 0.453624 0.013400 0.051101
46 0.400860 0.924694 0.195440 0.127064
46 0.342390 0.853394 0.158500 0.254128
46 0.519170 0.718654 0.234660 0.129174
46 0.623020 0.789281 0.077680 0.064067
47 0.539350 0.938823 0.106180 0.098807
47 0.455140 0.795153 0.079200 0.116239
47 0.390110 0.865933 0.097060 0.134128
0 0.900540 0.598624 0.198920 0.802630
0 0.145500 0.642691 0.291000 0.687645
39 0.794740 0.452982 0.013120 0.049939
39 0.672730 0.246621 0.013460 0.071162
47 0.583290 0.898196 0.063140 0.065872
39 0.735240 0.380398 0.011040 0.050642
