2 0.741797 0.470433 0.286969 0.182787
5 0.386234 0.458384 0.487594 0.692037
0 0.691977 0.373021 0.009891 0.023700
9 0.577562 0.117553 0.044906 0.184426
9 0.882641 0.051218 0.048156 0.097611
0 0.641352 0.384110 0.013453 0.025644
0 0.731859 0.371991 0.009406 0.016909
0 0.716609 0.368724 0.008063 0.020913
2 0.018812 0.563923 0.037625 0.127658
2 0.124719 0.537576 0.096094 0.144801
9 0.641078 0.261171 0.013031 0.085152
9 0.018992 0.370902 0.011266 0.060492
0 0.862320 0.377049 0.026234 0.094754
0 0.846070 0.378829 0.020359 0.072084
