38 0.407211 0.558698 0.046734 0.110104
0 0.643586 0.302927 0.047297 0.081062
0 0.601859 0.260958 0.051219 0.084333
0 0.082289 0.371510 0.040516 0.078396
38 0.537531 0.522938 0.047906 0.123125
56 0.766516 0.936375 0.153531 0.127250
0 0.598875 0.061990 0.031156 0.063938
0 0.674492 0.196260 0.037359 0.065562
0 0.257016 0.374510 0.046656 0.092437
0 0.716734 0.179437 0.046719 0.048208
56 0.924344 0.935063 0.150000 0.098708
56 0.527102 0.247406 0.033828 0.033521
56 0.269219 0.287719 0.039500 0.042021
56 0.153586 0.255240 0.038453 0.041312
56 0.116672 0.249438 0.030812 0.031583
56 0.602305 0.159448 0.030797 0.034687
