56 0.088800 0.543280 0.107200 0.279307
56 0.049180 0.408773 0.074360 0.085653
56 0.144030 0.358160 0.030340 0.040800
56 0.100640 0.401667 0.046680 0.094640
0 0.612970 0.414787 0.117660 0.502053
0 0.379890 0.392600 0.137940 0.290853
0 0.320830 0.597627 0.174380 0.742667
65 0.257240 0.436107 0.055760 0.172160
65 0.583000 0.351573 0.016160 0.020000
56 0.348130 0.482453 0.060580 0.104160
56 0.163310 0.344320 0.018020 0.034773
65 0.625010 0.336973 0.022860 0.029360
26 0.373050 0.370227 0.066340 0.070693
56 0.351170 0.428293 0.092420 0.143573
56 0.221660 0.366267 0.040680 0.014933
56 0.669020 0.449693 0.030520 0.104027
