0 0.549383 0.326187 0.252266 0.383750
0 0.860773 0.213708 0.057391 0.120208
0 0.250281 0.314604 0.332031 0.624708
54 0.331750 0.957969 0.072063 0.068021
54 0.440352 0.655354 0.041984 0.030542
54 0.510992 0.551677 0.059141 0.032688
54 0.579070 0.472188 0.044641 0.040083
54 0.590109 0.930063 0.070438 0.084125
54 0.427109 0.930677 0.081812 0.097187
54 0.501867 0.852927 0.069891 0.040813
54 0.372820 0.971250 0.087453 0.057500
54 0.273484 0.956104 0.081312 0.060583
0 0.880953 0.511344 0.238094 0.319729
0 0.340453 0.226969 0.121344 0.143813
54 0.538891 0.914375 0.042938 0.053708
0 0.948594 0.228083 0.088250 0.119667
0 0.772695 0.163000 0.064422 0.120083
44 0.335492 0.275177 0.036734 0.052646
