62 0.056180 0.107182 0.106953 0.214363
56 0.243969 0.460130 0.078750 0.150967
56 0.313719 0.403101 0.089906 0.110401
56 0.361484 0.388019 0.028594 0.019764
60 0.362070 0.518561 0.127516 0.200236
0 0.465539 0.411038 0.164141 0.594575
0 0.584516 0.467712 0.182719 0.574009
73 0.294656 0.160967 0.005219 0.042406
73 0.326922 0.157795 0.024156 0.047712
73 0.301195 0.160200 0.007047 0.042524
53 0.483992 0.957995 0.149172 0.084009
43 0.672203 0.876144 0.071031 0.092854
60 0.137664 0.414281 0.268453 0.101297
60 0.946539 0.703892 0.106922 0.431179
73 0.306398 0.163090 0.005953 0.046368
73 0.948484 0.396733 0.037687 0.098467
73 0.250289 0.224988 0.026359 0.058514
73 0.247203 0.164186 0.026125 0.042665
73 0.977773 0.403373 0.038391 0.103255
53 0.595141 0.985554 0.113844 0.028231
56 0.308820 0.447535 0.033047 0.101863
73 0.923797 0.397111 0.030031 0.098797
