39 0.480445 0.621538 0.031766 0.095469
27 0.245383 0.189343 0.021422 0.112113
56 0.901758 0.526033 0.112547 0.272347
0 0.509172 0.448169 0.152562 0.256197
0 0.234836 0.249437 0.086766 0.364038
0 0.070461 0.779272 0.140922 0.416667
0 0.652914 0.361796 0.070297 0.179789
0 0.448453 0.175622 0.051313 0.128850
0 0.558047 0.300528 0.085656 0.427441
0 0.320094 0.247183 0.065812 0.265164
47 0.304758 0.795552 0.038484 0.075845
26 0.119938 0.439261 0.034719 0.076502
56 0.600648 0.368345 0.030266 0.133920
60 0.315141 0.741467 0.314063 0.294108
60 0.419359 0.605188 0.274688 0.176854
73 0.197156 0.693568 0.168594 0.189953
73 0.283094 0.372300 0.027813 0.034319
0 0.836320 0.381303 0.123016 0.244812
73 0.919437 0.163932 0.007437 0.061150
