56 0.355547 0.722417 0.017719 0.073167
56 0.314156 0.723146 0.020313 0.083208
0 0.091844 0.718500 0.042375 0.145583
0 0.398109 0.692750 0.049406 0.071250
56 0.496156 0.725812 0.025625 0.089125
56 0.149094 0.730958 0.043688 0.089583
56 0.401344 0.720750 0.040875 0.081333
56 0.506047 0.715562 0.024719 0.070125
58 0.097063 0.388813 0.070813 0.095292
28 0.637000 0.705187 0.264937 0.418208
56 0.057516 0.725208 0.048656 0.091750
56 0.333281 0.724062 0.017875 0.083708
60 0.072563 0.702375 0.040375 0.011000
60 0.379844 0.694688 0.035063 0.014375
60 0.159250 0.699167 0.019062 0.007750
56 0.346344 0.723688 0.010187 0.064292
