39 0.933812 0.561059 0.010500 0.031576
39 0.686039 0.435200 0.011703 0.032612
39 0.635805 0.269082 0.021703 0.070400
56 0.390453 0.759259 0.153281 0.453200
56 0.503930 0.688188 0.114203 0.312847
56 0.873250 0.667765 0.095562 0.074541
56 0.960367 0.701988 0.075484 0.038376
56 0.778359 0.685435 0.150125 0.032894
60 0.764875 0.765918 0.470250 0.166282
0 0.506477 0.455200 0.053391 0.152471
69 0.355672 0.530682 0.060969 0.025129
56 0.819000 0.601435 0.034750 0.044988
56 0.632602 0.878859 0.211984 0.242282
60 0.891352 0.655682 0.214578 0.104447
45 0.128734 0.376976 0.020344 0.011035
45 0.148938 0.376424 0.020031 0.010682
45 0.104008 0.377000 0.018109 0.015929
