0 0.782140 0.386265 0.242280 0.765783
0 0.984760 0.316130 0.029720 0.373343
0 0.324690 0.083389 0.091540 0.165753
47 0.333910 0.421657 0.028060 0.041024
47 0.313330 0.412937 0.020540 0.036837
47 0.346900 0.359955 0.088560 0.140452
47 0.527760 0.345633 0.157240 0.153072
49 0.655660 0.280542 0.065640 0.090181
26 0.062410 0.556114 0.124820 0.370723
26 0.411950 0.601476 0.141300 0.211566
47 0.606200 0.333494 0.156920 0.137470
0 0.854200 0.031069 0.038800 0.060090
47 0.357460 0.419744 0.026400 0.038825
