33 0.393250 0.036067 0.080780 0.069413
33 0.327740 0.175573 0.061160 0.052587
33 0.457200 0.110840 0.060080 0.100453
33 0.585400 0.022307 0.079960 0.042053
33 0.748230 0.014613 0.050860 0.029227
33 0.968130 0.150347 0.054060 0.044693
33 0.267780 0.032840 0.035240 0.035067
0 0.225440 0.732693 0.136840 0.522400
0 0.598760 0.581973 0.019440 0.094133
0 0.506940 0.622253 0.054200 0.226693
0 0.546510 0.622480 0.085180 0.290880
0 0.860340 0.580160 0.053160 0.183680
0 0.333970 0.628453 0.061020 0.179307
0 0.833940 0.556253 0.013200 0.067280
33 0.484160 0.218093 0.028400 0.025893
33 0.161320 0.324533 0.025000 0.020320
0 0.647630 0.527427 0.004460 0.026480
33 0.157310 0.371667 0.021620 0.018533
33 0.480200 0.011693 0.044800 0.023387
0 0.661150 0.534467 0.009300 0.034000
