2 0.096805 0.277167 0.189859 0.119900
3 0.057383 0.505792 0.114172 0.165717
5 0.156953 0.211800 0.309688 0.193267
0 0.389570 0.494375 0.192141 0.554050
0 0.530492 0.223242 0.029422 0.031383
0 0.922500 0.427342 0.155000 0.364050
0 0.782656 0.367417 0.217000 0.348300
0 0.465016 0.218592 0.034906 0.045783
0 0.574992 0.219133 0.015078 0.030700
0 0.249648 0.435392 0.174859 0.501117
0 0.107336 0.352208 0.109078 0.168583
3 0.716430 0.523508 0.299453 0.211717
0 0.968758 0.239200 0.037953 0.067267
0 0.492070 0.225733 0.023203 0.029133
