25 0.712688 0.393792 0.487500 0.726011
25 0.548063 0.155506 0.172469 0.265112
0 0.847445 0.737233 0.186953 0.470534
0 0.955898 0.671166 0.085203 0.635140
0 0.788789 0.875983 0.179547 0.248034
0 0.183891 0.195871 0.108625 0.301180
0 0.363828 0.318469 0.227562 0.226433
0 0.217500 0.287317 0.070031 0.221152
16 0.299344 0.331812 0.129500 0.173118
0 0.472469 0.829621 0.159312 0.316039
24 0.252836 0.387008 0.095359 0.119466
24 0.310547 0.134775 0.035187 0.076124
26 0.624437 0.892444 0.103594 0.170618
0 0.093992 0.483118 0.117359 0.269719
