33 0.559523 0.318969 0.479578 0.240354
0 0.668344 0.667510 0.011312 0.041771
0 0.717484 0.654385 0.014813 0.056438
0 0.454266 0.667198 0.023719 0.063271
0 0.570367 0.657729 0.013766 0.051958
2 0.226773 0.669906 0.051266 0.037021
0 0.795438 0.643865 0.008219 0.035479
0 0.486844 0.665792 0.014969 0.059875
0 0.648164 0.668688 0.014891 0.042333
0 0.501461 0.666031 0.017297 0.054146
2 0.831516 0.599958 0.024844 0.018167
2 0.929086 0.578458 0.028078 0.014875
2 0.742930 0.613740 0.029859 0.019188
2 0.777594 0.607354 0.024063 0.019417
0 0.138063 0.673625 0.015875 0.030500
2 0.856930 0.586219 0.012734 0.017688
0 0.685727 0.661594 0.017109 0.059104
