1 0.788312 0.861282 0.137094 0.131176
1 0.772148 0.779365 0.121891 0.130212
2 0.485609 0.597141 0.106500 0.078094
2 0.402250 0.570224 0.043188 0.038000
26 0.889258 0.891824 0.070891 0.147035
0 0.698688 0.652235 0.026937 0.133271
0 0.666922 0.662047 0.042469 0.140376
0 0.589812 0.642906 0.042063 0.143224
0 0.562875 0.613047 0.028000 0.128259
0 0.536062 0.575918 0.021375 0.057812
5 0.213781 0.550188 0.061062 0.119247
0 0.089836 0.706776 0.082266 0.385224
0 0.168680 0.739482 0.086109 0.345035
2 0.726367 0.589612 0.032172 0.038282
2 0.694102 0.596259 0.054922 0.049741
2 0.449609 0.560765 0.023062 0.023412
25 0.918359 0.706859 0.011781 0.044353
2 0.176102 0.545059 0.025078 0.035153
26 0.116883 0.749424 0.016297 0.057576
11 0.487961 0.526518 0.016266 0.026118
