56 0.244242 0.609812 0.105234 0.069375
60 0.518820 0.661177 0.638828 0.268229
0 0.821625 0.595500 0.227531 0.260667
0 0.710320 0.489365 0.069484 0.115312
0 0.857437 0.492417 0.083094 0.128917
56 0.120805 0.921917 0.241609 0.129750
56 0.337109 0.576354 0.050531 0.068375
56 0.442625 0.559646 0.050031 0.050417
56 0.129508 0.752292 0.147922 0.283625
56 0.955812 0.639385 0.088031 0.117396
74 0.014867 0.078073 0.028078 0.113979
63 0.545914 0.538917 0.097578 0.071417
63 0.678422 0.522917 0.088219 0.061083
39 0.887195 0.551990 0.021609 0.065729
39 0.350461 0.693229 0.036141 0.096375
63 0.672461 0.602375 0.082672 0.122583
67 0.690266 0.672865 0.020438 0.016271
