45 0.593328 0.509865 0.813344 0.979354
73 0.048031 0.540448 0.096062 0.487646
51 0.631922 0.505740 0.084375 0.117896
51 0.426750 0.677812 0.201813 0.133667
51 0.399125 0.357292 0.074313 0.240042
51 0.519656 0.240990 0.028719 0.200063
51 0.541469 0.774146 0.115125 0.059333
51 0.683891 0.356615 0.027937 0.066312
51 0.447656 0.274490 0.026250 0.043229
51 0.650672 0.446990 0.116312 0.060854
51 0.698937 0.562250 0.051969 0.146792
60 0.234742 0.297406 0.465578 0.548063
51 0.304258 0.335562 0.053266 0.162208
69 0.226266 0.710385 0.452531 0.579229
