6 0.491781 0.473032 0.286937 0.739336
0 0.066742 0.786739 0.081328 0.319108
0 0.105273 0.609577 0.088828 0.182906
0 0.117742 0.577517 0.072516 0.172975
0 0.190586 0.552952 0.052984 0.248741
0 0.274367 0.392746 0.033141 0.158261
6 0.070055 0.173810 0.140109 0.166522
26 0.216211 0.538867 0.016766 0.034851
26 0.400195 0.199256 0.006859 0.033432
0 0.085430 0.633455 0.104797 0.180366
0 0.312453 0.401373 0.033250 0.128330
26 0.137102 0.600320 0.029953 0.038902
0 0.572234 0.453341 0.049875 0.073638
26 0.071320 0.607380 0.045234 0.052609
