39 0.156469 0.389859 0.056125 0.232864
56 0.927414 0.555716 0.029172 0.118803
0 0.465047 0.363803 0.331937 0.466573
0 0.093813 0.348087 0.184656 0.695751
41 0.352961 0.618181 0.099422 0.288286
41 0.472445 0.586631 0.070016 0.167160
42 0.369664 0.241467 0.077141 0.100446
43 0.091914 0.883756 0.183828 0.164554
53 0.646969 0.771291 0.437281 0.260094
53 0.201484 0.569507 0.208937 0.125540
0 0.946586 0.395775 0.106828 0.246103
41 0.252047 0.456174 0.044344 0.115211
42 0.695078 0.665880 0.148625 0.024531
43 0.518445 0.607899 0.027328 0.061291
53 0.576125 0.633239 0.127812 0.078779
