58 0.073052 0.667234 0.146104 0.235844
41 0.161448 0.464180 0.039313 0.030047
41 0.226104 0.466477 0.036542 0.025266
41 0.155729 0.370336 0.033500 0.052359
45 0.174021 0.736766 0.056792 0.013562
45 0.171646 0.727031 0.055375 0.018031
69 0.379031 0.726961 0.212729 0.213484
75 0.024708 0.721156 0.049417 0.126094
75 0.063250 0.686281 0.069000 0.072656
40 0.052885 0.363078 0.036312 0.051812
40 0.078594 0.363766 0.030854 0.047156
40 0.127990 0.369500 0.024729 0.045062
40 0.102979 0.367695 0.028292 0.045922
41 0.192021 0.464859 0.031708 0.026719
45 0.061094 0.469664 0.059937 0.015734
73 0.790802 0.423203 0.025354 0.068125
40 0.034979 0.365453 0.024250 0.050656
40 0.227823 0.380547 0.018896 0.037281
40 0.247479 0.383555 0.021000 0.041328
40 0.092510 0.363437 0.012604 0.029313
41 0.106833 0.469008 0.040542 0.018641
41 0.180208 0.462445 0.006583 0.015641
41 0.644177 0.430203 0.020104 0.024344
45 0.062573 0.443438 0.062312 0.032156
73 0.776427 0.417672 0.049063 0.081281
