39 0.275633 0.438823 0.015547 0.054813
39 0.260641 0.434385 0.011781 0.060562
74 0.888617 0.326187 0.070547 0.108500
56 0.715695 0.835906 0.134547 0.328188
47 0.836211 0.504490 0.019203 0.023729
47 0.819453 0.496594 0.018063 0.019896
49 0.867250 0.496875 0.018500 0.014333
60 0.482625 0.742823 0.965250 0.514354
69 0.375188 0.527573 0.125562 0.066604
41 0.488094 0.431510 0.024594 0.062312
45 0.203758 0.477312 0.040422 0.037667
45 0.840859 0.496125 0.098750 0.049583
56 0.421875 0.868500 0.156250 0.239583
72 0.091555 0.372729 0.175328 0.340250
39 0.659820 0.528417 0.015078 0.063875
