39 0.102313 0.426531 0.019844 0.063521
45 0.424086 0.876687 0.031234 0.025250
69 0.551453 0.922969 0.110813 0.150938
39 0.962844 0.382312 0.027094 0.112833
39 0.214961 0.614688 0.029234 0.063750
39 0.827195 0.682948 0.016547 0.026729
58 0.569453 0.846240 0.049156 0.073938
58 0.456984 0.768469 0.038625 0.061729
58 0.496273 0.772323 0.045391 0.055688
73 0.964328 0.679688 0.067375 0.140083
58 0.586859 0.777615 0.021000 0.033729
58 0.610109 0.776646 0.019062 0.023333
58 0.630664 0.776563 0.025672 0.020458
73 0.991797 0.712781 0.016406 0.113979
39 0.162109 0.507927 0.020063 0.037437
