39 0.434458 0.728844 0.095875 0.200000
39 0.531906 0.729570 0.100354 0.206453
2 0.559990 0.277547 0.318896 0.130750
9 0.756740 0.152594 0.007437 0.012344
52 0.695302 0.654297 0.069521 0.094719
2 0.929250 0.237242 0.028458 0.019859
9 0.786750 0.175242 0.015875 0.018016
52 0.700438 0.587234 0.031667 0.054625
52 0.649875 0.585977 0.066500 0.009516
52 0.778250 0.552930 0.037542 0.048047
52 0.626750 0.577031 0.114958 0.014969
52 0.540427 0.553773 0.025813 0.038078
2 0.979375 0.222531 0.023708 0.034906
52 0.733458 0.596727 0.029667 0.034516
52 0.715031 0.551750 0.030313 0.040750
