2 0.570414 0.834416 0.158172 0.129062
2 0.236656 0.918204 0.358250 0.163593
2 0.089312 0.897357 0.176469 0.202769
2 0.032602 0.794989 0.058047 0.040275
4 0.965867 0.040240 0.043328 0.026705
0 0.951141 0.815149 0.014781 0.054233
0 0.924562 0.837586 0.027094 0.090046
0 0.872555 0.824428 0.033828 0.061991
0 0.817539 0.810847 0.014078 0.033684
0 0.477719 0.825584 0.026312 0.090435
0 0.192602 0.802941 0.020141 0.062540
9 0.076250 0.720961 0.008500 0.024211
0 0.864016 0.802517 0.016313 0.032586
0 0.896945 0.804531 0.028609 0.043753
9 0.028953 0.702574 0.012344 0.017414
56 0.967234 0.848764 0.019500 0.056842
56 0.833242 0.846499 0.030297 0.054783
2 0.247734 0.811899 0.062531 0.049657
9 0.086922 0.742666 0.010281 0.017414
0 0.914750 0.808295 0.015406 0.037368
2 0.098523 0.792220 0.064953 0.028192
60 0.990836 0.836236 0.018328 0.038146
0 0.381727 0.813558 0.034734 0.106293
