73 0.831168 0.127219 0.036667 0.029719
28 0.465181 0.058078 0.238163 0.054000
28 0.461859 0.120258 0.275964 0.089609
28 0.446270 0.259328 0.405737 0.105250
28 0.459830 0.325844 0.410907 0.116844
28 0.445147 0.477523 0.361995 0.092141
28 0.452018 0.541070 0.371111 0.097453
28 0.446327 0.626938 0.350748 0.120844
28 0.397132 0.808563 0.434717 0.119375
73 0.895193 0.183469 0.074649 0.038062
73 0.785748 0.129492 0.039116 0.032797
73 0.780941 0.089539 0.033401 0.029234
73 0.869002 0.037773 0.064082 0.038953
28 0.647290 0.736961 0.094172 0.151422
