0 0.113927 0.540648 0.014911 0.041141
0 0.531082 0.545727 0.009078 0.010203
2 0.163812 0.542289 0.055603 0.035328
2 0.931436 0.525102 0.055567 0.025859
2 0.797057 0.528227 0.050674 0.025453
8 0.844885 0.620578 0.193918 0.045062
8 0.105505 0.843367 0.211011 0.078266
8 0.744158 0.579125 0.118174 0.023281
8 0.218023 0.656180 0.293245 0.085391
0 0.217305 0.530062 0.019007 0.026281
8 0.071250 0.784812 0.142500 0.050438
8 0.082863 0.739312 0.165727 0.068250
8 0.653316 0.555305 0.072411 0.012047
8 0.421002 0.543789 0.039663 0.010359
8 0.289601 0.602906 0.131117 0.016844
8 0.609840 0.549609 0.033865 0.013344
2 0.303254 0.520547 0.037926 0.029781
