0 0.586172 0.338888 0.302125 0.560211
0 0.063516 0.416347 0.127031 0.411241
42 0.235367 0.808326 0.075016 0.074496
60 0.418859 0.743044 0.837719 0.513911
60 0.036062 0.169063 0.072125 0.107447
0 0.885797 0.524977 0.228406 0.510703
41 0.535383 0.662763 0.038828 0.065293
41 0.320398 0.545878 0.034328 0.062670
41 0.706937 0.821499 0.044938 0.098454
41 0.031258 0.696827 0.046141 0.077869
41 0.077570 0.662904 0.045234 0.081171
41 0.618023 0.827681 0.048641 0.096721
41 0.750672 0.643326 0.069594 0.145527
41 0.249266 0.500164 0.034344 0.062670
41 0.029430 0.640035 0.043266 0.049438
45 0.457562 0.214660 0.044406 0.030211
56 0.188109 0.180867 0.139562 0.356300
56 0.810930 0.393326 0.115484 0.378735
0 0.083484 0.104930 0.163688 0.209859
41 0.613828 0.916862 0.076406 0.164731
0 0.835328 0.800785 0.329344 0.148454
