39 0.716557 0.519539 0.014005 0.021328
39 0.734262 0.518078 0.020515 0.024813
39 0.779532 0.513289 0.027635 0.036891
41 0.413091 0.511836 0.056534 0.031422
45 0.477740 0.517391 0.081897 0.037719
68 0.150340 0.503750 0.153044 0.049875
41 0.706616 0.404820 0.042272 0.024297
44 0.525246 0.479023 0.037143 0.028016
44 0.569005 0.484445 0.027002 0.019797
46 0.487810 0.434844 0.066721 0.034781
47 0.490995 0.346023 0.023536 0.013641
41 0.432459 0.526609 0.030445 0.034844
43 0.063794 0.507484 0.023700 0.019312
69 0.105105 0.775328 0.202436 0.350656
