3 0.916891 0.546369 0.166219 0.327801
6 0.441836 0.496338 0.554109 0.614834
26 0.748305 0.489295 0.036547 0.055353
26 0.677625 0.447199 0.028219 0.070207
0 0.931797 0.372956 0.055094 0.099066
0 0.749781 0.482656 0.048625 0.264108
0 0.271656 0.568683 0.116094 0.311473
0 0.104539 0.471815 0.043641 0.103340
0 0.015414 0.584720 0.029734 0.281473
0 0.802273 0.484803 0.060234 0.222635
28 0.333203 0.622718 0.026844 0.070913
0 0.632492 0.428620 0.068109 0.139855
1 0.115180 0.616618 0.020859 0.027676
0 0.702406 0.402438 0.021750 0.063755
26 0.699016 0.461535 0.036437 0.027925
26 0.786086 0.494658 0.028359 0.027614
