0 0.719734 0.588573 0.215250 0.791479
0 0.092281 0.405135 0.107375 0.331104
0 0.878875 0.440385 0.074500 0.232771
24 0.696320 0.456812 0.114016 0.267875
0 0.208719 0.368479 0.094188 0.278125
25 0.326125 0.252437 0.217406 0.168542
25 0.033016 0.232312 0.064844 0.049708
25 0.542703 0.289323 0.198875 0.186521
25 0.931406 0.283854 0.055313 0.039458
25 0.874898 0.291812 0.126828 0.079000
25 0.973781 0.359417 0.052438 0.078792
25 0.079836 0.280938 0.157516 0.124500
26 0.169977 0.389000 0.036109 0.073042
0 0.944453 0.423906 0.056469 0.218229
0 0.434336 0.382083 0.085922 0.238250
25 0.363891 0.311073 0.079656 0.036437
25 0.509195 0.178708 0.077109 0.077542
26 0.375508 0.422333 0.014266 0.043458
26 0.195289 0.385958 0.071047 0.182500
25 0.419492 0.249906 0.110172 0.061521
0 0.984578 0.468135 0.027344 0.125729
26 0.690703 0.505188 0.099812 0.179917
