0 0.575805 0.720234 0.027828 0.070445
0 0.544617 0.672728 0.026891 0.122646
0 0.486555 0.741487 0.091297 0.048267
0 0.288078 0.754684 0.036687 0.067073
0 0.662789 0.626569 0.017047 0.068126
0 0.414633 0.743021 0.029266 0.071101
24 0.873195 0.755187 0.049953 0.054215
25 0.863578 0.654496 0.272844 0.188759
25 0.092211 0.832576 0.181422 0.312365
25 0.299367 0.723724 0.169641 0.164215
25 0.213734 0.680234 0.078219 0.060843
25 0.405984 0.666429 0.077938 0.052670
25 0.615953 0.550457 0.028906 0.017681
25 0.762633 0.629321 0.120109 0.090913
56 0.839969 0.821874 0.234875 0.179578
0 0.132367 0.809801 0.038391 0.028361
25 0.926977 0.563712 0.067984 0.041663
0 0.949797 0.530550 0.006438 0.029297
56 0.856109 0.909520 0.010625 0.025738
56 0.776797 0.743361 0.075375 0.018478
56 0.724047 0.731780 0.030094 0.022108
