39 0.478711 0.668615 0.030172 0.159396
39 0.234055 0.552687 0.022172 0.082958
39 0.138758 0.452000 0.025484 0.089417
39 0.845773 0.682260 0.048734 0.060854
56 0.895789 0.873115 0.204109 0.231104
56 0.429266 0.918469 0.239750 0.140396
0 0.474766 0.536427 0.183156 0.341062
0 0.279414 0.538490 0.127016 0.369146
72 0.809836 0.534458 0.217422 0.404500
41 0.400734 0.719271 0.030500 0.060667
39 0.372953 0.532667 0.014813 0.066333
40 0.666359 0.286375 0.022344 0.058917
45 0.319758 0.753698 0.049484 0.043396
69 0.135883 0.627281 0.227672 0.182771
0 0.875812 0.736344 0.134125 0.120104
40 0.648977 0.286323 0.016359 0.058271
40 0.629422 0.285604 0.017313 0.053875
41 0.644492 0.360292 0.014828 0.044917
41 0.628078 0.360104 0.018563 0.045083
41 0.629930 0.213167 0.018859 0.048667
39 0.356945 0.536958 0.016984 0.052167
40 0.690648 0.360990 0.022891 0.046354
