5 0.953023 0.403656 0.076953 0.062604
25 0.564930 0.398698 0.072172 0.034063
25 0.661266 0.370760 0.119562 0.049688
25 0.362156 0.372812 0.145687 0.054208
0 0.391508 0.652771 0.103641 0.234917
0 0.495359 0.540771 0.072844 0.309625
0 0.301305 0.475156 0.062359 0.122271
0 0.641422 0.539094 0.065938 0.222646
0 0.552797 0.490062 0.040813 0.154083
0 0.836672 0.757198 0.207437 0.277729
0 0.798625 0.667188 0.094000 0.144083
0 0.772313 0.628927 0.057750 0.089312
45 0.299203 0.618344 0.045125 0.041063
45 0.735328 0.681333 0.025938 0.031750
