56 0.746359 0.106781 0.076156 0.175771
56 0.668078 0.108104 0.065875 0.173417
56 0.961938 0.086708 0.076125 0.059042
56 0.796180 0.050833 0.021672 0.044333
60 0.500000 0.684417 1.000000 0.609000
0 0.204156 0.248823 0.367406 0.415729
0 0.843750 0.492115 0.312500 0.763521
40 0.701117 0.660677 0.161797 0.382021
40 0.201398 0.525469 0.139891 0.242688
44 0.315437 0.475646 0.034031 0.088750
41 0.199141 0.512760 0.140313 0.212604
41 0.700281 0.664802 0.163469 0.382021
51 0.594563 0.549438 0.058906 0.128333
51 0.096102 0.601146 0.047422 0.030333
0 0.856164 0.061448 0.114891 0.122896
40 0.423758 0.372833 0.092422 0.186542
56 0.971594 0.568406 0.056813 0.221438
