3 0.670969 0.776082 0.658062 0.447837
0 0.445539 0.472528 0.103391 0.474901
0 0.578812 0.304779 0.053438 0.186424
0 0.305758 0.313035 0.075234 0.220640
0 0.914453 0.359470 0.087094 0.319912
47 0.370500 0.516026 0.071813 0.058985
26 0.879141 0.346634 0.017656 0.054945
0 0.070266 0.422042 0.102750 0.143068
1 0.315734 0.412351 0.141562 0.168543
16 0.572039 0.498885 0.197266 0.269912
24 0.117172 0.533786 0.097250 0.200464
26 0.281664 0.313609 0.026578 0.120110
26 0.555648 0.330265 0.012359 0.025210
26 0.228727 0.342737 0.038953 0.108300
46 0.026797 0.909393 0.053594 0.111722
0 0.437898 0.299989 0.096766 0.209294
2 0.895781 0.336711 0.199500 0.240221
