37 0.374133 0.827365 0.013328 0.014028
37 0.676180 0.488080 0.104953 0.029227
33 0.501508 0.419215 0.031766 0.075574
33 0.854430 0.294941 0.063891 0.099485
33 0.142523 0.400117 0.018891 0.053724
33 0.092867 0.027424 0.048547 0.054848
33 0.245570 0.210316 0.034422 0.065176
0 0.389617 0.682775 0.010078 0.019274
0 0.420750 0.685609 0.008594 0.022646
0 0.670477 0.738934 0.028109 0.052810
0 0.347039 0.786429 0.040391 0.063302
0 0.291922 0.713407 0.008406 0.041897
0 0.403969 0.688407 0.008094 0.016815
