0 0.353583 0.371945 0.308625 0.312359
0 0.654677 0.352805 0.320604 0.408984
0 0.260781 0.797164 0.355479 0.280016
55 0.533969 0.813391 0.080604 0.062125
55 0.840448 0.848313 0.158812 0.092125
55 0.614250 0.968023 0.166375 0.063953
0 0.072604 0.828852 0.142792 0.342297
0 0.956760 0.387516 0.086479 0.192687
43 0.730260 0.565422 0.050729 0.031625
0 0.618427 0.183188 0.129729 0.122094
26 0.215281 0.703125 0.361104 0.257812
55 0.944729 0.958414 0.110542 0.070266
55 0.881646 0.946109 0.211500 0.094656
