0 0.768570 0.672319 0.034078 0.147806
0 0.814961 0.700958 0.057359 0.165861
0 0.902789 0.639083 0.021453 0.052333
0 0.939352 0.651583 0.026672 0.098167
30 0.670352 0.821486 0.048328 0.032917
31 0.625281 0.821028 0.118063 0.011722
0 0.635289 0.645125 0.009391 0.034083
0 0.607617 0.643389 0.004641 0.030167
0 0.600562 0.643222 0.007375 0.035111
0 0.628539 0.641167 0.007891 0.033222
0 0.612516 0.642542 0.009813 0.033861
30 0.941016 0.694444 0.031094 0.026611
31 0.634555 0.659653 0.014672 0.003639
31 0.763062 0.738694 0.021031 0.012611
30 0.852781 0.736556 0.059625 0.004889
