0 0.674492 0.653458 0.406047 0.644292
74 0.861594 0.885750 0.008937 0.018917
33 0.464297 0.481323 0.285469 0.300604
39 0.303844 0.939083 0.028469 0.058417
39 0.360414 0.931656 0.030234 0.052896
39 0.414867 0.917521 0.034359 0.038625
40 0.274703 0.804052 0.030031 0.053771
40 0.303836 0.808833 0.027484 0.048208
41 0.935352 0.391260 0.026734 0.052104
41 0.965687 0.386604 0.034563 0.054167
41 0.979773 0.564802 0.019922 0.033271
45 0.956398 0.807344 0.087203 0.053104
47 0.930039 0.771510 0.020234 0.019021
75 0.351687 0.698448 0.046406 0.097479
39 0.330898 0.872427 0.030172 0.058438
39 0.300602 0.873688 0.029984 0.058750
39 0.273789 0.879000 0.029016 0.059042
39 0.334219 0.935625 0.027094 0.052000
40 0.365031 0.799938 0.026281 0.065583
40 0.393773 0.803979 0.018984 0.077917
41 0.890227 0.761604 0.041766 0.064125
41 0.877047 0.398531 0.019344 0.056521
47 0.975109 0.788698 0.023750 0.015146
47 0.971289 0.772906 0.019922 0.024854
39 0.318094 0.866437 0.014844 0.041500
