27 0.586023 0.593239 0.018141 0.105164
0 0.586258 0.593638 0.099547 0.329718
0 0.929078 0.664636 0.118656 0.406737
0 0.337562 0.806678 0.135281 0.316315
0 0.625242 0.465915 0.083766 0.312347
0 0.579117 0.306467 0.086266 0.246502
0 0.772813 0.342347 0.103438 0.238732
0 0.429000 0.201796 0.090375 0.211479
0 0.350766 0.204495 0.055344 0.206737
27 0.141461 0.309167 0.015422 0.025516
27 0.711961 0.254542 0.019328 0.089085
27 0.565648 0.754085 0.015047 0.052160
27 0.674367 0.754930 0.020828 0.044413
27 0.783578 0.761913 0.015719 0.036408
27 0.879031 0.338991 0.011594 0.038357
0 0.370047 0.608662 0.098687 0.323333
27 0.520609 0.198803 0.009750 0.020798
