5 0.913828 0.943146 0.146781 0.109708
0 0.609078 0.757417 0.010312 0.027083
0 0.595016 0.743865 0.009219 0.027813
2 0.327156 0.849573 0.037937 0.046146
2 0.346797 0.818135 0.028500 0.029396
9 0.643406 0.744792 0.009844 0.029625
2 0.426195 0.700354 0.022984 0.026792
2 0.407695 0.663333 0.016766 0.016458
2 0.574328 0.859365 0.039500 0.049479
2 0.355414 0.791927 0.030922 0.030604
2 0.367336 0.772104 0.028391 0.029583
2 0.597859 0.829240 0.034031 0.041354
2 0.565438 0.929677 0.051687 0.056063
2 0.648969 0.799552 0.030312 0.037271
0 0.640797 0.705688 0.007938 0.026458
0 0.619922 0.684802 0.004531 0.024396
3 0.288148 0.958458 0.027297 0.044500
