8 0.037047 0.271240 0.071313 0.021979
0 0.291336 0.531729 0.030516 0.138167
0 0.396273 0.522156 0.032609 0.161021
0 0.491797 0.557937 0.043562 0.166500
0 0.536336 0.507115 0.050328 0.061771
0 0.655828 0.605365 0.070250 0.130104
0 0.676250 0.506646 0.036781 0.092292
0 0.735867 0.545854 0.039016 0.145833
8 0.814820 0.208479 0.048766 0.016958
0 0.837594 0.542760 0.023031 0.146812
7 0.820125 0.223500 0.069375 0.042833
24 0.758664 0.538344 0.035391 0.079562
24 0.828320 0.537604 0.025234 0.076208
0 0.629039 0.533490 0.045234 0.177313
28 0.380937 0.547906 0.007469 0.032271
