60 0.468602 0.720562 0.634297 0.128208
73 0.084523 0.554833 0.013516 0.109125
40 0.860641 0.270354 0.044312 0.146625
40 0.990023 0.293531 0.019953 0.068646
40 0.636258 0.599625 0.055328 0.098958
75 0.483914 0.686323 0.058328 0.085938
41 0.851406 0.887656 0.042281 0.065687
73 0.116430 0.319969 0.014984 0.108979
73 0.127836 0.320323 0.011672 0.107646
73 0.092680 0.319771 0.023453 0.116625
73 0.135711 0.549958 0.016984 0.109750
75 0.532023 0.683990 0.043203 0.072021
75 0.771508 0.495781 0.016984 0.148646
75 0.597187 0.594646 0.053375 0.021083
41 0.813461 0.886781 0.035516 0.060396
41 0.981258 0.895844 0.037484 0.062771
41 0.878039 0.837854 0.035828 0.015708
41 0.843086 0.845604 0.010203 0.009208
41 0.858266 0.851823 0.040969 0.022146
41 0.534977 0.682312 0.042516 0.075333
45 0.254516 0.779292 0.081000 0.044750
45 0.325906 0.755656 0.074219 0.036937
41 0.938523 0.897094 0.048422 0.071687
41 0.945398 0.855281 0.045016 0.016979
41 0.903227 0.856281 0.042547 0.022688
41 0.914492 0.841802 0.032453 0.012771
