62 0.653008 0.366822 0.214422 0.260093
0 0.527805 0.753586 0.215922 0.473107
0 0.832188 0.794054 0.201844 0.411893
0 0.158562 0.722570 0.263656 0.554860
0 0.178164 0.657477 0.173922 0.579393
0 0.054789 0.591542 0.054453 0.163785
65 0.366547 0.553435 0.033625 0.017991
0 0.600195 0.386028 0.016922 0.033645
57 0.942773 0.838879 0.114453 0.318738
65 0.817977 0.642699 0.026609 0.026706
65 0.338828 0.547815 0.023094 0.027827
73 0.382820 0.531963 0.036703 0.022944
73 0.378937 0.293107 0.008531 0.030280
73 0.374672 0.229346 0.010219 0.050701
73 0.391578 0.228248 0.008969 0.057103
73 0.382805 0.228949 0.012234 0.048925
73 0.353297 0.231390 0.008000 0.045864
73 0.240523 0.240631 0.011828 0.026075
