32 0.398297 0.700000 0.037719 0.055117
2 0.164781 0.218181 0.104281 0.037347
2 0.593703 0.279871 0.148781 0.071103
0 0.593484 0.550200 0.196000 0.384812
0 0.726797 0.583908 0.164563 0.386268
0 0.879609 0.457688 0.139406 0.247347
0 0.285461 0.334507 0.025984 0.096620
0 0.417063 0.362899 0.023469 0.048192
0 0.413187 0.317242 0.030500 0.069695
13 0.084469 0.267723 0.168813 0.048404
13 0.351625 0.290293 0.041469 0.016690
24 0.590313 0.345516 0.016406 0.022958
24 0.626258 0.347289 0.012172 0.021526
24 0.644133 0.377289 0.017297 0.023122
2 0.838617 0.271866 0.053328 0.056831
7 0.828961 0.272312 0.077453 0.059601
24 0.669883 0.355176 0.021328 0.016174
0 0.323641 0.335387 0.023594 0.096127
13 0.563203 0.358615 0.106500 0.051408
13 0.641586 0.351925 0.089391 0.028779
13 0.645813 0.361667 0.039375 0.006103
