16 0.339664 0.630942 0.048766 0.033507
8 0.130547 0.457926 0.099875 0.112325
0 0.662750 0.612435 0.037719 0.159699
0 0.749633 0.631172 0.033328 0.114649
0 0.791328 0.601503 0.030187 0.150341
0 0.527375 0.528677 0.015594 0.065411
0 0.379336 0.511413 0.014422 0.037174
0 0.775422 0.619479 0.025562 0.131623
0 0.754352 0.514449 0.014359 0.029098
0 0.500539 0.534749 0.016828 0.063086
8 0.310094 0.450411 0.046875 0.062265
8 0.832773 0.443607 0.061922 0.135431
8 0.938102 0.468948 0.041547 0.007756
8 0.704984 0.465501 0.025375 0.005752
