39 0.223109 0.388516 0.032188 0.048281
56 0.195500 0.685398 0.202250 0.139328
56 0.681586 0.889930 0.207828 0.220141
56 0.820102 0.685086 0.155672 0.309859
60 0.483109 0.780406 0.948188 0.414406
43 0.353594 0.257055 0.023062 0.029922
43 0.376500 0.271352 0.024844 0.018609
71 0.279062 0.474461 0.189437 0.102141
71 0.838398 0.437172 0.246266 0.047031
72 0.457688 0.510445 0.136937 0.200516
69 0.115586 0.617750 0.225984 0.384406
56 0.948414 0.696789 0.086609 0.095797
56 0.399867 0.616805 0.119828 0.110797
