74 0.794203 0.815510 0.085687 0.143479
0 0.546563 0.486010 0.147469 0.209604
73 0.330164 0.906698 0.013359 0.099771
73 0.407141 0.896229 0.009031 0.071750
73 0.484680 0.914771 0.008547 0.104500
73 0.561250 0.933677 0.006281 0.108229
73 0.449156 0.919104 0.453375 0.134833
74 0.673547 0.416938 0.030500 0.041292
41 0.252289 0.674458 0.026953 0.050292
75 0.520086 0.671937 0.060797 0.082667
75 0.383523 0.666000 0.057578 0.083167
75 0.685039 0.660094 0.049234 0.103146
75 0.920625 0.591698 0.055937 0.090271
75 0.627258 0.658135 0.049641 0.103104
75 0.575586 0.688979 0.041766 0.046542
75 0.341023 0.674417 0.025984 0.058250
75 0.252352 0.673333 0.028422 0.048708
39 0.103625 0.829260 0.054813 0.102188
