0 0.861328 0.464927 0.007531 0.019229
31 0.486883 0.658813 0.023109 0.011875
31 0.810484 0.553063 0.032125 0.007792
0 0.759250 0.505479 0.009031 0.021875
0 0.815578 0.484427 0.005094 0.013437
30 0.307266 0.581510 0.015500 0.006229
0 0.491297 0.623854 0.034031 0.072208
0 0.304258 0.555854 0.013641 0.051250
0 0.798023 0.506344 0.006828 0.017521
0 0.806156 0.509854 0.007000 0.021375
31 0.763656 0.549552 0.009406 0.004479
31 0.796852 0.528354 0.011766 0.002667
31 0.562688 0.513635 0.012937 0.002313
30 0.810375 0.551792 0.024938 0.004958
0 0.733414 0.498656 0.002266 0.006146
