58 0.837812 0.395935 0.046594 0.146075
56 0.123250 0.503621 0.034219 0.070047
56 0.130141 0.487079 0.044406 0.074019
57 0.237570 0.670304 0.331672 0.379065
73 0.210969 0.365187 0.012188 0.047290
73 0.179281 0.310993 0.006031 0.040444
73 0.195766 0.320000 0.015063 0.023832
73 0.203234 0.366951 0.005719 0.039229
73 0.183242 0.369019 0.017766 0.047009
73 0.199992 0.485736 0.009422 0.041145
73 0.228617 0.473925 0.014641 0.040561
73 0.180609 0.495993 0.005406 0.036192
62 0.972781 0.619428 0.054438 0.293061
