31 0.705719 0.918859 0.061500 0.012212
31 0.793344 0.972941 0.073344 0.021976
0 0.639023 0.888341 0.101203 0.223318
0 0.235945 0.869765 0.014703 0.072800
0 0.663891 0.736871 0.017344 0.027812
0 0.185203 0.845482 0.007594 0.034965
0 0.013719 0.860235 0.024344 0.071247
0 0.314578 0.858576 0.023844 0.079835
30 0.153484 0.895071 0.026781 0.015224
30 0.285891 0.876224 0.010781 0.004635
30 0.010094 0.894529 0.011500 0.006329
30 0.973281 0.964400 0.053438 0.014588
30 0.705289 0.918247 0.063203 0.012729
