39 0.339718 0.334766 0.047134 0.064844
56 0.895199 0.716914 0.208473 0.173922
0 0.605826 0.314047 0.286130 0.331531
45 0.416715 0.824719 0.237699 0.166281
45 0.535764 0.562852 0.129017 0.085734
45 0.375502 0.566266 0.140335 0.083844
45 0.374540 0.478281 0.256025 0.112563
50 0.709393 0.753625 0.057406 0.043906
50 0.596444 0.719523 0.060628 0.052641
50 0.694749 0.774016 0.040586 0.020063
50 0.652866 0.715375 0.052594 0.027969
50 0.674048 0.793008 0.058347 0.045422
39 0.079644 0.307117 0.041297 0.059266
39 0.291077 0.337492 0.048891 0.060234
73 0.979676 0.609258 0.040649 0.054953
73 0.947918 0.545203 0.099644 0.078938
39 0.123462 0.322133 0.061360 0.074484
50 0.656475 0.744867 0.029017 0.017172
50 0.746140 0.789406 0.048598 0.042969
51 0.555397 0.491016 0.018996 0.014563
51 0.601328 0.524883 0.029979 0.016234
73 0.955994 0.570812 0.088013 0.112688
