16 0.494406 0.722913 0.077969 0.134817
18 0.377539 0.698154 0.249422 0.317271
18 0.212875 0.677695 0.194469 0.328280
18 0.454141 0.717225 0.105250 0.265321
0 0.200102 0.372282 0.146703 0.385849
0 0.379688 0.338291 0.057813 0.148096
0 0.719523 0.308991 0.097984 0.177523
0 0.834820 0.355011 0.074641 0.170986
0 0.466258 0.306697 0.082266 0.142294
0 0.545102 0.313658 0.089516 0.217821
0 0.634453 0.298165 0.077031 0.151789
26 0.292438 0.327351 0.038250 0.120665
0 0.784883 0.485791 0.077547 0.295757
0 0.043633 0.504048 0.081297 0.317546
13 0.669750 0.614794 0.327344 0.103899
13 0.830273 0.527053 0.047609 0.025849
18 0.417312 0.573911 0.042031 0.051399
