74 0.719148 0.150976 0.069766 0.105059
56 0.892844 0.854800 0.142625 0.093976
43 0.863148 0.464753 0.040266 0.007624
43 0.817687 0.529659 0.004469 0.079506
71 0.787094 0.627365 0.115031 0.034965
43 0.567234 0.410282 0.068781 0.011059
43 0.863711 0.473647 0.039859 0.006824
56 0.531719 0.969035 0.141656 0.061929
71 0.680937 0.635635 0.089875 0.025953
72 0.190258 0.825847 0.135797 0.303365
43 0.865773 0.407541 0.058453 0.016353
43 0.865703 0.453565 0.047719 0.007835
47 0.935312 0.570859 0.010906 0.009812
73 0.112719 0.593376 0.030375 0.097341
43 0.571031 0.445741 0.059844 0.015388
45 0.483633 0.880953 0.083234 0.078659
45 0.318102 0.888306 0.068547 0.091059
