25 0.167523 0.359554 0.329078 0.166291
2 0.949383 0.576831 0.101234 0.146385
2 0.885563 0.560141 0.048812 0.097793
2 0.048562 0.538016 0.097125 0.053967
39 0.340914 0.449448 0.012297 0.044671
39 0.368508 0.445200 0.012641 0.057488
39 0.358578 0.453228 0.007656 0.037394
39 0.407336 0.450423 0.010984 0.042488
39 0.457867 0.453286 0.014422 0.053850
39 0.359742 0.528028 0.010578 0.047653
39 0.377922 0.450446 0.008937 0.043146
0 0.568898 0.538404 0.009672 0.061878
0 0.150898 0.526420 0.010422 0.034812
0 0.519562 0.548744 0.014031 0.069413
39 0.428062 0.448580 0.010969 0.044108
39 0.297273 0.454601 0.010547 0.043052
39 0.305664 0.454143 0.011453 0.043169
26 0.527641 0.546878 0.006281 0.020939
