25 0.510914 0.360925 0.136047 0.097447
1 0.693180 0.705937 0.057797 0.237963
1 0.780914 0.665129 0.172328 0.348337
2 0.640133 0.520410 0.026609 0.039883
2 0.955992 0.650164 0.088016 0.330632
56 0.120719 0.674836 0.114031 0.305035
0 0.445641 0.489133 0.027844 0.042576
0 0.411766 0.500141 0.022156 0.080047
25 0.162281 0.044895 0.196844 0.089789
56 0.344234 0.578220 0.055937 0.129555
56 0.381437 0.494859 0.026062 0.018618
56 0.464180 0.560398 0.026641 0.079016
56 0.011508 0.585597 0.020953 0.042810
56 0.242219 0.614321 0.073313 0.137213
0 0.472023 0.499356 0.046578 0.068970
2 0.935047 0.524379 0.041469 0.047307
26 0.756492 0.580492 0.040703 0.116815
56 0.409039 0.542904 0.016766 0.058829
