58 0.389578 0.416103 0.038594 0.163146
62 0.127641 0.505153 0.233312 0.222700
62 0.934195 0.583462 0.127109 0.184812
56 0.604656 0.632547 0.087500 0.241385
56 0.502508 0.627324 0.096609 0.231174
56 0.512797 0.528251 0.033719 0.027207
0 0.686445 0.531960 0.082891 0.323967
0 0.612484 0.446197 0.023625 0.083897
72 0.786320 0.536373 0.031703 0.254249
73 0.956156 0.771702 0.022406 0.107300
74 0.710555 0.310000 0.021828 0.051362
75 0.886562 0.831608 0.057313 0.210493
75 0.388047 0.478415 0.022219 0.041385
75 0.533836 0.487946 0.015203 0.039272
60 0.599984 0.647148 0.196188 0.208756
