3 0.087359 0.761262 0.123500 0.326589
3 0.177148 0.746308 0.132078 0.308318
3 0.261258 0.739907 0.076172 0.277196
3 0.535336 0.707921 0.093547 0.240421
3 0.656344 0.693411 0.129594 0.222804
0 0.025258 0.562220 0.037516 0.098084
0 0.461414 0.563551 0.028859 0.133318
0 0.704484 0.593423 0.016344 0.056472
0 0.886063 0.573411 0.045906 0.082477
0 0.855750 0.561495 0.021656 0.032850
0 0.943680 0.578902 0.023297 0.121636
0 0.591172 0.594498 0.036844 0.126799
0 0.014063 0.710315 0.028125 0.321332
0 0.748172 0.581612 0.011219 0.009065
3 0.947102 0.681706 0.044078 0.106355
3 0.968633 0.651916 0.061016 0.084813
26 0.586898 0.605888 0.017172 0.023224
0 0.107305 0.475935 0.041078 0.134860
3 0.769141 0.687593 0.109469 0.199112
