33 0.082912 0.315500 0.043750 0.036560
33 0.413856 0.345860 0.019787 0.020760
33 0.344987 0.377150 0.031356 0.028660
33 0.598524 0.393860 0.021303 0.021920
0 0.406197 0.754750 0.123351 0.476140
0 0.291795 0.705190 0.116888 0.326660
0 0.116689 0.568400 0.031569 0.073640
0 0.027952 0.627970 0.055053 0.162020
0 0.258245 0.537420 0.027181 0.028960
0 0.649681 0.590030 0.087287 0.075100
33 0.728564 0.286530 0.034362 0.021340
33 0.580984 0.417050 0.020213 0.016020
0 0.210505 0.576460 0.032926 0.073200
