40 0.713490 0.942734 0.164229 0.114531
0 0.270833 0.524328 0.139125 0.128937
39 0.547521 0.535195 0.030625 0.057016
40 0.400146 0.566461 0.026292 0.057391
40 0.743646 0.548680 0.021917 0.018828
40 0.968760 0.937836 0.062479 0.121422
40 0.724802 0.560195 0.014646 0.028578
42 0.930781 0.772344 0.138438 0.015906
43 0.078427 0.663437 0.063104 0.004781
41 0.712167 0.640844 0.053875 0.046250
44 0.722260 0.856359 0.048188 0.018063
60 0.399542 0.770547 0.789958 0.424656
41 0.275323 0.583266 0.035937 0.015344
