48 0.320710 0.440840 0.104940 0.099160
42 0.841120 0.418630 0.085400 0.055340
55 0.685550 0.568270 0.115020 0.103100
44 0.181630 0.158960 0.039780 0.006480
45 0.208880 0.341830 0.089760 0.081340
45 0.696610 0.313670 0.082180 0.068140
60 0.379860 0.638530 0.240240 0.226420
60 0.867410 0.124150 0.256180 0.242700
75 0.159210 0.792030 0.052020 0.074020
48 0.447570 0.330370 0.104340 0.044380
48 0.279950 0.310670 0.052780 0.062700
48 0.332470 0.333260 0.077180 0.060960
54 0.018250 0.192150 0.027540 0.036580
55 0.621900 0.367280 0.051800 0.049760
55 0.095000 0.137050 0.039880 0.035740
45 0.731590 0.816870 0.038500 0.087700
