39 0.445021 0.375992 0.090879 0.144828
39 0.381726 0.343445 0.054331 0.069891
39 0.419268 0.344789 0.041381 0.064172
39 0.031695 0.303125 0.046402 0.091906
39 0.211684 0.319078 0.077803 0.089719
60 0.538577 0.692508 0.902636 0.589453
42 0.293264 0.729313 0.205649 0.034500
42 0.800220 0.724867 0.115209 0.030547
44 0.665094 0.598703 0.203912 0.039375
45 0.680492 0.765141 0.248389 0.171437
50 0.587479 0.756914 0.037008 0.044078
39 0.460764 0.181195 0.036297 0.049234
50 0.681715 0.740891 0.027322 0.028344
