0 0.195391 0.578053 0.057063 0.140622
0 0.417227 0.694873 0.067047 0.214585
0 0.923422 0.706820 0.065625 0.108433
0 0.963453 0.677465 0.034187 0.080138
60 0.460648 0.701901 0.023391 0.035092
60 0.140070 0.816452 0.063766 0.070922
60 0.883852 0.757949 0.100484 0.052995
41 0.452047 0.631187 0.007437 0.014908
56 0.466039 0.937051 0.083297 0.079493
56 0.109211 0.905023 0.110453 0.144378
56 0.626672 0.648537 0.028687 0.031728
56 0.855883 0.800876 0.045297 0.098203
0 0.645789 0.625910 0.038016 0.081774
56 0.924523 0.805530 0.068266 0.129770
0 0.825695 0.759793 0.065078 0.139862
39 0.451352 0.623157 0.005422 0.026636
