56 0.183148 0.408738 0.057234 0.066958
60 0.846094 0.941038 0.307812 0.113208
60 0.337055 0.490896 0.107891 0.214057
60 0.136078 0.475354 0.209938 0.077453
0 0.703445 0.424163 0.150359 0.707854
0 0.825008 0.541321 0.179578 0.793962
53 0.310891 0.891651 0.218312 0.167972
53 0.294117 0.943939 0.068328 0.071745
53 0.134289 0.743243 0.268578 0.247759
73 0.244148 0.111450 0.017516 0.047429
73 0.274969 0.162264 0.007125 0.043066
53 0.020617 0.491592 0.033047 0.027382
73 0.321914 0.095495 0.005516 0.045755
73 0.313031 0.160024 0.006781 0.046698
