39 0.751047 0.558906 0.076344 0.208229
40 0.925523 0.262073 0.041672 0.146937
40 0.880953 0.257510 0.031219 0.091604
40 0.429273 0.592604 0.038109 0.086792
73 0.111313 0.552094 0.011125 0.109063
74 0.170641 0.387948 0.034500 0.061521
73 0.101656 0.317635 0.011813 0.115479
73 0.097266 0.553021 0.015875 0.106792
73 0.121102 0.549135 0.012859 0.100687
75 0.222703 0.579802 0.050125 0.020354
41 0.894805 0.895813 0.042828 0.073833
41 0.771914 0.881635 0.038047 0.071813
41 0.858164 0.814271 0.014547 0.009875
41 0.960344 0.819375 0.032656 0.022042
