39 0.097633 0.659083 0.049359 0.152292
39 0.506180 0.716938 0.020766 0.086208
60 0.308820 0.775448 0.617641 0.181188
0 0.578391 0.507510 0.097906 0.374063
0 0.869664 0.741573 0.256172 0.480896
0 0.680805 0.719948 0.303547 0.553771
41 0.340945 0.704188 0.041859 0.063958
40 0.691023 0.286094 0.016609 0.058438
41 0.534125 0.743510 0.043031 0.113813
45 0.222367 0.453729 0.042016 0.033292
68 0.146992 0.549302 0.132047 0.112479
71 0.369109 0.570875 0.050562 0.019625
41 0.661992 0.363542 0.023391 0.054542
