1 0.757914 0.437278 0.054359 0.040350
5 0.408766 0.416297 0.102188 0.206752
1 0.778344 0.431986 0.026844 0.040140
5 0.535000 0.418727 0.111219 0.173014
5 0.725867 0.213096 0.044484 0.076565
0 0.754641 0.415888 0.035500 0.097150
2 0.554914 0.514416 0.076484 0.097056
2 0.525055 0.666904 0.117422 0.160678
2 0.463531 0.566612 0.090250 0.114766
0 0.351133 0.292839 0.011266 0.058435
0 0.758891 0.388563 0.009687 0.034930
0 0.180844 0.456717 0.023250 0.054790
2 0.662727 0.273914 0.037109 0.033762
2 0.556461 0.795000 0.116547 0.145701
2 0.675914 0.454544 0.072328 0.082500
5 0.581562 0.241834 0.053500 0.076706
2 0.943117 0.327862 0.061141 0.084977
