2 0.536789 0.220153 0.012609 0.013498
2 0.528750 0.200387 0.015469 0.009789
47 0.570805 0.915857 0.229453 0.168286
47 0.698797 0.926232 0.044281 0.070493
47 0.552484 0.757817 0.032313 0.044272
47 0.893391 0.800751 0.213219 0.155070
47 0.183984 0.894002 0.242313 0.193263
0 0.287687 0.304073 0.052281 0.199836
0 0.350461 0.309683 0.085109 0.158474
0 0.708625 0.314026 0.085750 0.280634
0 0.937828 0.451831 0.118281 0.388404
2 0.568039 0.226667 0.067016 0.045728
49 0.422617 0.417770 0.012453 0.021174
47 0.120469 0.739577 0.182000 0.122394
