56 0.790063 0.132177 0.021313 0.020438
56 0.010961 0.326958 0.015172 0.200000
0 0.817625 0.249521 0.364750 0.496458
41 0.501578 0.525135 0.074406 0.113063
44 0.689305 0.421010 0.061922 0.082563
45 0.957273 0.508708 0.085453 0.085708
45 0.151688 0.966292 0.171906 0.044958
45 0.091781 0.450646 0.106969 0.071000
51 0.338516 0.501156 0.017219 0.059562
56 0.697977 0.313208 0.144547 0.202792
41 0.356883 0.389781 0.028984 0.065979
41 0.741414 0.191510 0.019484 0.049021
51 0.467820 0.872792 0.105047 0.125083
56 0.336375 0.297448 0.016969 0.106271
41 0.957305 0.739646 0.085391 0.234208
