56 0.533547 0.332490 0.034469 0.096687
56 0.952273 0.781781 0.095453 0.436438
56 0.093172 0.210938 0.085719 0.063500
56 0.111898 0.086667 0.051766 0.035167
60 0.484547 0.652813 0.625281 0.667417
40 0.481211 0.384083 0.032047 0.124458
41 0.528813 0.464625 0.034000 0.124917
41 0.393344 0.582698 0.042906 0.158938
41 0.590766 0.764208 0.138187 0.267417
42 0.404070 0.954385 0.165391 0.067146
42 0.606172 0.672260 0.064656 0.043104
43 0.607961 0.639365 0.067766 0.039813
53 0.299711 0.766927 0.077672 0.084854
0 0.244477 0.082667 0.055828 0.133208
53 0.584922 0.500500 0.044031 0.045917
0 0.920359 0.031062 0.009156 0.020792
