25 0.366672 0.579972 0.105125 0.148366
25 0.384516 0.245416 0.100719 0.104792
25 0.130609 0.442050 0.099687 0.105152
26 0.856781 0.916537 0.080625 0.110637
26 0.143836 0.689529 0.035266 0.090526
26 0.029648 0.483989 0.027953 0.091136
0 0.493734 0.408186 0.102844 0.259363
26 0.218305 0.319515 0.036453 0.052382
28 0.661039 0.766925 0.048172 0.103380
0 0.689328 0.734363 0.068687 0.273657
25 0.168531 0.094848 0.067562 0.102161
0 0.267383 0.806496 0.115734 0.251939
0 0.384750 0.543657 0.098406 0.230970
