27 0.447906 0.670010 0.057437 0.194771
27 0.648547 0.549385 0.050125 0.346521
0 0.677531 0.547198 0.303375 0.820229
0 0.725195 0.242740 0.074422 0.138021
0 0.172273 0.258729 0.027359 0.074292
0 0.137977 0.242094 0.022016 0.069979
0 0.291500 0.267115 0.031500 0.047229
56 0.225820 0.377833 0.048016 0.122708
56 0.416039 0.359292 0.040578 0.054083
27 0.264609 0.834531 0.373094 0.205771
56 0.471328 0.413615 0.089781 0.155813
0 0.397461 0.313063 0.020641 0.027875
26 0.956063 0.196000 0.067375 0.179042
0 0.038086 0.233719 0.024422 0.035146
60 0.103727 0.591594 0.207453 0.188979
27 0.344492 0.836219 0.363641 0.130729
