42 0.400617 0.896874 0.062078 0.057073
60 0.436297 0.846218 0.353844 0.217963
0 0.222648 0.784262 0.187422 0.404496
44 0.545883 0.874262 0.041016 0.019532
56 0.309297 0.704520 0.030125 0.105527
0 0.824609 0.667307 0.239438 0.406979
0 0.468531 0.631464 0.154438 0.220211
26 0.915375 0.896206 0.079406 0.204450
39 0.381727 0.779906 0.017297 0.096253
39 0.461656 0.770468 0.018531 0.057143
40 0.413164 0.761827 0.027047 0.074379
40 0.429883 0.745340 0.024391 0.066370
41 0.507930 0.776066 0.036016 0.060375
41 0.430773 0.726206 0.028328 0.034660
45 0.526117 0.880527 0.095547 0.061897
41 0.381703 0.736206 0.009156 0.013583
