50 0.389211 0.421188 0.231297 0.206833
50 0.232008 0.547917 0.092172 0.134167
50 0.790781 0.390760 0.178344 0.204271
50 0.569813 0.283052 0.125812 0.107438
60 0.500000 0.495490 1.000000 0.979729
51 0.238398 0.275604 0.114297 0.119167
51 0.684578 0.831250 0.170219 0.108333
51 0.479187 0.837031 0.148063 0.106146
51 0.457242 0.637906 0.151297 0.206062
51 0.523484 0.472604 0.107406 0.203625
51 0.850492 0.487906 0.122922 0.169479
51 0.875648 0.766740 0.208453 0.267521
51 0.205406 0.699063 0.130312 0.155000
