30 0.498953 0.588146 0.080000 0.020516
0 0.203922 0.432124 0.092437 0.243967
0 0.820609 0.484390 0.078125 0.219108
0 0.808641 0.364495 0.045156 0.109413
0 0.737547 0.244695 0.022812 0.084507
0 0.885125 0.223310 0.033563 0.062817
0 0.717352 0.157664 0.028484 0.049554
31 0.206469 0.152512 0.027844 0.014695
30 0.385281 0.401643 0.064875 0.010939
30 0.733945 0.282664 0.061734 0.013732
30 0.425945 0.322054 0.038297 0.011291
30 0.688000 0.268638 0.013469 0.003756
30 0.781961 0.198803 0.014078 0.005117
30 0.984125 0.344120 0.021688 0.013028
