0 0.491727 0.447518 0.281641 0.309274
0 0.207086 0.129239 0.230422 0.237026
56 0.444305 0.655375 0.149641 0.243443
56 0.665477 0.500796 0.061203 0.305761
56 0.654547 0.269836 0.046938 0.109696
56 0.634273 0.024309 0.090422 0.048618
67 0.567180 0.248290 0.026484 0.028244
67 0.203906 0.618314 0.027187 0.032927
73 0.759328 0.605457 0.084000 0.078595
0 0.874523 0.849625 0.225672 0.300749
0 0.478414 0.213138 0.154672 0.177049
73 0.475305 0.839789 0.090078 0.095972
0 0.233977 0.104567 0.191922 0.209133
56 0.759172 0.921417 0.063094 0.157166
