43 0.323313 0.825317 0.116406 0.013685
44 0.708039 0.834085 0.089484 0.040986
45 0.519344 0.478087 0.064938 0.060352
0 0.190523 0.658779 0.170203 0.605493
0 0.880680 0.656185 0.238641 0.687629
0 0.379195 0.296068 0.069484 0.223826
0 0.607672 0.288615 0.057656 0.215915
41 0.399562 0.809190 0.059937 0.129601
41 0.548430 0.408239 0.021578 0.050235
51 0.442094 0.625387 0.015000 0.021526
40 0.537000 0.355763 0.040219 0.138005
43 0.623992 0.527500 0.062891 0.020070
44 0.554930 0.679671 0.027266 0.072582
40 0.469727 0.458603 0.025922 0.048239
41 0.414219 0.939014 0.070938 0.121972
