41 0.521875 0.625467 0.035469 0.078785
45 0.477117 0.667126 0.057234 0.069860
45 0.647008 0.540362 0.049484 0.049322
24 0.874055 0.758855 0.184578 0.482290
0 0.086242 0.298061 0.124359 0.373271
26 0.114164 0.781577 0.224516 0.297921
41 0.222328 0.620958 0.034969 0.081449
0 0.946336 0.341577 0.107328 0.314603
0 0.879031 0.501752 0.157781 0.577617
0 0.187953 0.291157 0.176656 0.261706
44 0.526297 0.490537 0.053094 0.020327
45 0.321133 0.440222 0.034203 0.038481
45 0.300328 0.462044 0.015625 0.038388
