39 0.626698 0.734680 0.111354 0.209859
2 0.860656 0.237141 0.104354 0.059500
52 0.801969 0.594008 0.040729 0.048422
2 0.748156 0.237289 0.114896 0.049391
9 0.978177 0.143719 0.009271 0.008750
48 0.755812 0.658086 0.069250 0.088234
52 0.765510 0.592297 0.035521 0.041375
52 0.683698 0.550156 0.028604 0.041375
52 0.611292 0.593523 0.153167 0.015484
2 0.337740 0.262406 0.188729 0.103094
52 0.808229 0.553813 0.039958 0.046656
2 0.993531 0.214539 0.012937 0.011047
0 0.234375 0.501297 0.461792 0.968750
