0 0.811023 0.496311 0.329828 0.972904
46 0.087227 0.611780 0.174453 0.124122
46 0.482891 0.581897 0.042188 0.117096
46 0.450805 0.624415 0.121016 0.173091
46 0.226484 0.574883 0.111375 0.191639
56 0.097555 0.295351 0.090016 0.345457
56 0.574469 0.234286 0.066187 0.172693
56 0.316352 0.183150 0.071953 0.137073
56 0.740094 0.170667 0.073656 0.039836
56 0.320625 0.094590 0.069594 0.104731
56 0.103945 0.095726 0.064578 0.088407
60 0.208773 0.220281 0.154891 0.040656
46 0.572078 0.644801 0.088688 0.090773
56 0.520039 0.217201 0.070484 0.079602
