39 0.460539 0.341094 0.009328 0.022565
56 0.672273 0.673035 0.141766 0.388753
56 0.429844 0.796024 0.198406 0.407953
56 0.202766 0.755424 0.138375 0.294141
41 0.401406 0.424329 0.026719 0.029929
0 0.567023 0.326494 0.128547 0.200565
0 0.477859 0.287129 0.089031 0.141976
0 0.269352 0.430341 0.094016 0.294376
0 0.683516 0.240824 0.079063 0.155200
0 0.223984 0.597800 0.249156 0.663741
0 0.091930 0.426953 0.089641 0.341247
56 0.296094 0.258635 0.040906 0.035435
56 0.822727 0.476176 0.061828 0.265482
60 0.460453 0.364741 0.169969 0.074847
60 0.331141 0.277271 0.212000 0.038024
60 0.798617 0.373835 0.056547 0.126965
41 0.336484 0.224812 0.011906 0.017341
56 0.252867 0.304200 0.044453 0.123365
