27 0.722813 0.525352 0.024625 0.132441
56 0.352953 0.504871 0.096312 0.131009
44 0.262313 0.801256 0.049594 0.062653
0 0.749391 0.628087 0.284187 0.721338
0 0.388062 0.241866 0.072594 0.248803
0 0.704078 0.271268 0.032969 0.058685
26 0.370094 0.232934 0.040500 0.051268
39 0.296812 0.714038 0.035687 0.116009
0 0.554273 0.753732 0.351828 0.492535
56 0.983875 0.563392 0.032250 0.188850
60 0.556258 0.877758 0.510391 0.244484
0 0.063695 0.308228 0.124672 0.337394
73 0.798836 0.111784 0.031109 0.019108
