4 0.323300 0.521897 0.646600 0.921348
28 0.600880 0.629734 0.026000 0.109122
0 0.614060 0.566332 0.033200 0.173166
0 0.724140 0.604969 0.051320 0.195204
26 0.632440 0.571160 0.011240 0.027398
24 0.937340 0.789953 0.037800 0.114577
24 0.472730 0.398605 0.013660 0.035956
24 0.264280 0.408840 0.015360 0.025266
24 0.905110 0.586442 0.022300 0.062476
0 0.801640 0.600408 0.045800 0.185455
28 0.700300 0.653166 0.024240 0.061379
26 0.913290 0.646395 0.014380 0.050909
26 0.561400 0.515972 0.011960 0.051944
